unit	cross	days_to_germinate	growth_rate_day	drought_b	survival_time	biomass	sqrt_germ	log_germ	sqrt_growth	log_growth	sqrt_b	log_b	sqrt_surv	log_surv	sqrt_bio	log_bio
A1	A	16	0.071168091	15.32586	27	0.103	4	1.204119983	0.266773483	-1.147714683	3.914825667	1.185424854	5.196152423	1.431363764	0.320936131	-0.987162775
A1	A	20	0.032311429	23.39715	35	0.0572	4.472135955	1.301029996	0.179753801	-1.490643835	4.837060058	1.369162959	5.916079783	1.544068044	0.239165215	-1.242603971
A1	A	14	0.079903077	15.59117	27	0.0858	3.741657387	1.146128036	0.282671323	-1.097436496	3.948565562	1.192878707	5.196152423	1.431363764	0.29291637	-1.066512712
A1	A	12	0.004731667	24.23828	34	0.1036	3.464101615	1.079181246	0.068787114	-2.324985827	4.923238771	1.384501798	5.830951895	1.531478917	0.321869539	-0.984640245
A1	A	20	0.014349429	21.97063	34	0.0323	4.472135955	1.301029996	0.119789102	-1.84316538	4.687283862	1.34184251	5.830951895	1.531478917	0.179722008	-1.490797478
A1	A	10	0.122056059	15.32586	27	0.1118	3.16227766	1	0.349365223	-0.913440657	3.914825667	1.185424854	5.196152423	1.431363764	0.33436507	-0.951558196
A1	A	12	0.147692133	11.68904	27	0.1986	3.464101615	1.079181246	0.384307342	-0.830642637	3.418923807	1.067778845	5.196152423	1.431363764	0.445645599	-0.702020756
A1	A	11	0.133157813	11.18782	21	0.1769	3.31662479	1.041392685	0.364907951	-0.875633346	3.344819876	1.04874547	4.582575695	1.322219295	0.420594817	-0.752272167
A1	A	17	0.0356549	14.98399	28	0.0728	4.123105626	1.230448921	0.188825051	-1.447880777	3.870915912	1.175627475	5.291502622	1.447158031	0.269814751	-1.137868621
A1	A	13	0.097716071	25.35146	34	0.0655	3.605551275	1.113943352	0.312595699	-1.010034004	5.035023337	1.404002976	5.830951895	1.531478917	0.255929678	-1.1837587
A1	A	12	0.118224467	15.32586	27	0.146	3.464101615	1.079181246	0.34383785	-0.927292635	3.914825667	1.185424854	5.196152423	1.431363764	0.382099463	-0.835647144
A1	A	16	0.063014182	16.46153	28	0.0949	4	1.204119983	0.251026258	-1.200561697	4.057281109	1.216470198	5.291502622	1.447158031	0.308058436	-1.022733788
A1	A	14	0.007466462	33.24286	35	0.011	3.741657387	1.146128036	0.086408692	-2.126885141	5.765662148	1.521698381	5.916079783	1.544068044	0.104880885	-1.958607315
A1	A	20	0.046116143	13.21372	21	0.0861	4.472135955	1.301029996	0.214746695	-1.336147023	3.635068087	1.1210251	4.582575695	1.322219295	0.293428015	-1.064996849
A1	A	16	0.060023091	13.97538	21	0.0968	4	1.204119983	0.244996104	-1.221681644	3.738365953	1.145363625	4.582575695	1.322219295	0.311126984	-1.014124643
A1	A	11	0.118861	12.60872	22	0.1548	3.31662479	1.041392685	0.344762237	-0.92496062	3.550875948	1.100671001	4.69041576	1.342422681	0.393446311	-0.810229044
A1	A	13	0.093617	12.4887	22	0.1559	3.605551275	1.113943352	0.305968953	-1.02864528	3.533935483	1.096517233	4.69041576	1.342422681	0.39484174	-0.807153885
A1	A	15	0.028490167	18.577	28	0.0489	3.872983346	1.176091259	0.168790305	-1.545305005	4.310104407	1.268975581	5.291502622	1.447158031	0.221133444	-1.310691141
A1	A	12	0.1261144	10.43747	27	0.1967	3.464101615	1.079181246	0.355125893	-0.899235322	3.230707353	1.01859524	5.196152423	1.431363764	0.443508737	-0.70619564
A1	A	14	0.077729692	16.01185	27	0.0965	3.741657387	1.146128036	0.278800452	-1.109413053	4.001480976	1.204441513	5.196152423	1.431363764	0.310644491	-1.015472687
A1	A	17	0.0364656	13.21372	21	0.0903	4.123105626	1.230448921	0.190959682	-1.438116636	3.635068087	1.1210251	4.582575695	1.322219295	0.300499584	-1.04431225
A1	A	22	0.0143196	NA	NA	NA	4.69041576	1.342422681	0.119664531	-1.844069113	NA	NA	NA	NA	NA	NA
A1	A	21	0.008513167	25.16965	35	0.0392	4.582575695	1.322219295	0.092266825	-2.069908847	5.016936316	1.400877176	5.916079783	1.544068044	0.197989899	-1.406713933
A1	A	10	0.146861353	14.12404	27	0.1817	3.16227766	1	0.383224938	-0.833092475	3.758196376	1.149958939	5.196152423	1.431363764	0.42626283	-0.740645073
A1	A	23	0.0111665	17.88923	34	0.0651	4.795831523	1.361727836	0.105671661	-1.95208293	4.229566172	1.252591648	5.830951895	1.531478917	0.255147016	-1.186419011
A1	A	20	0.041069429	12.60872	21	0.1004	4.472135955	1.301029996	0.202655937	-1.386481335	3.550875948	1.100671001	4.582575695	1.322219295	0.31685959	-0.998266287
A1	A	20	0.033707143	16.48412	27	0.0907	4.472135955	1.301029996	0.183595052	-1.472278056	4.060064039	1.217065767	5.196152423	1.431363764	0.301164407	-1.042392713
A1	A	12	0.0976294	12.07882	27	0.166	3.464101615	1.079181246	0.312457037	-1.01041938	3.475459682	1.082024509	5.196152423	1.431363764	0.407430976	-0.779891912
A1	A	12	0.112621867	12.60872	21	0.1159	3.464101615	1.079181246	0.335591816	-0.948377277	3.550875948	1.100671001	4.582575695	1.322219295	0.340440891	-0.935916564
A1	A	21	0.017778333	15.68337	28	0.0742	4.582575695	1.322219295	0.133335415	-1.750108963	3.960223479	1.195439388	5.291502622	1.447158031	0.272396769	-1.129596095
A1	A	20	0.046404571	17.16875	27	0.0696	4.472135955	1.301029996	0.215417202	-1.333439238	4.143519036	1.234738677	5.196152423	1.431363764	0.263818119	-1.15739076
A1	A	13	0.079217214	16.86905	29	0.0936	3.605551275	1.113943352	0.281455528	-1.101180435	4.107194907	1.227090625	5.385164807	1.462397998	0.305941171	-1.028724151
A1	A	17	0.0240157	14.21951	30	0.0992	4.123105626	1.230448921	0.154969997	-1.61950475	3.770876556	1.152884631	5.477225575	1.477121255	0.314960315	-1.003488328
A1	A	13	0.056911214	13.97538	21	0.0999	3.605551275	1.113943352	0.238560713	-1.24480215	3.738365953	1.145363625	4.582575695	1.322219295	0.316069613	-1.000434512
A1	A	12	0.139980733	16.12118	27	0.1468	3.464101615	1.079181246	0.374139991	-0.853931737	4.015118927	1.207396827	5.196152423	1.431363764	0.383144881	-0.833273944
A1	A	11	0.114354688	16.64906	28	0.1713	3.31662479	1.041392685	0.3381637	-0.941746027	4.080325967	1.221389718	5.291502622	1.447158031	0.413884042	-0.766242637
A1	A	20	0.040337857	25.16965	35	0.0466	4.472135955	1.301029996	0.200842866	-1.394287178	5.016936316	1.400877176	5.916079783	1.544068044	0.215870331	-1.331614083
A1	A	20	0.027115429	17.5501	28	0.0595	4.472135955	1.301029996	0.164667632	-1.56678352	4.189283948	1.244279595	5.291502622	1.447158031	0.243926218	-1.225483034
A1	A	12	0.0651584	16.01185	27	0.1011	3.464101615	1.079181246	0.255261435	-1.186029589	4.001480976	1.204441513	5.196152423	1.431363764	0.317962262	-0.995248844
A1	A	20	0.029176143	25.48077	34	0.0327	4.472135955	1.301029996	0.170810254	-1.534972121	5.047848056	1.406212548	5.830951895	1.531478917	0.180831413	-1.485452247
A1	A	24	0.014766667	18.55911	34	0.0531	4.898979486	1.380211242	0.121518176	-1.830717519	4.308028551	1.268557146	5.830951895	1.531478917	0.230434372	-1.274905479
A1	A	16	0.049675182	16.48412	27	0.0796	4	1.204119983	0.222879299	-1.303860533	4.060064039	1.217065767	5.196152423	1.431363764	0.28213472	-1.099086932
A1	A	15	0.024551083	NA	NA	NA	3.872983346	1.176091259	0.156687852	-1.609929345	NA	NA	NA	NA	NA	NA
A1	A	16	0.037456273	18.80792	28	0.0603	4	1.204119983	0.193536232	-1.426475438	4.336809887	1.274340769	5.291502622	1.447158031	0.245560583	-1.219682688
A1	A	22	0.021588	25.66718	35	0.0306	4.69041576	1.342422681	0.146928554	-1.665787591	5.066278713	1.409378156	5.916079783	1.544068044	0.174928557	-1.514278574
A1	A	21	0.025633167	21.97063	34	0.0364	4.582575695	1.322219295	0.160103613	-1.591197733	4.687283862	1.34184251	5.830951895	1.531478917	0.19078784	-1.438898616
A1	A	20	0.031713429	17.22751	28	0.0665	4.472135955	1.301029996	0.178082647	-1.498756798	4.150603571	1.236222511	5.291502622	1.447158031	0.257875939	-1.177178355
A1	A	17	0.0382581	18.80792	28	0.0707	4.123105626	1.230448921	0.195596779	-1.417276602	4.336809887	1.274340769	5.291502622	1.447158031	0.265894716	-1.150580586
A1	G	20	0.033969857	19.02965	28	0.0395	4.472135955	1.301029996	0.184309134	-1.468906281	4.362298706	1.279430801	5.291502622	1.447158031	0.198746069	-1.403402904
A1	G	23	0.01591875	18.05296	28	0.0498	4.795831523	1.361727836	0.126169529	-1.798091038	4.248877499	1.25654842	5.291502622	1.447158031	0.223159136	-1.302770657
A1	G	24	0.009820333	14.00042	22	0.1299	4.898979486	1.380211242	0.099097593	-2.007873785	3.741713511	1.146141064	4.69041576	1.342422681	0.360416426	-0.886390849
A1	G	13	0.079134071	14.98399	28	0.1381	3.605551275	1.113943352	0.281307787	-1.101636492	3.870915912	1.175627475	5.291502622	1.447158031	0.371618084	-0.859806321
A1	G	16	0.051249545	15.86659	27	0.1296	4	1.204119983	0.226383624	-1.290309986	3.983288842	1.2004836	5.196152423	1.431363764	0.36	-0.887394998
A1	G	15	0.063282833	17.62532	28	0.125	3.872983346	1.176091259	0.251560794	-1.198714087	4.198252017	1.246137011	5.291502622	1.447158031	0.353553391	-0.903089987
A1	G	20	0.031228143	16.91647	28	0.0716	4.472135955	1.301029996	0.176714864	-1.505453841	4.112963652	1.228309743	5.291502622	1.447158031	0.267581763	-1.145086978
A1	G	15	0.0588485	17.62895	27	0.0733	3.872983346	1.176091259	0.242587098	-1.230264602	4.198684318	1.246226446	5.196152423	1.431363764	0.270739727	-1.134896025
A1	G	12	0.096704933	10.40041	22	0.2158	3.464101615	1.079181246	0.310974168	-1.014551372	3.224966666	1.01705046	4.69041576	1.342422681	0.464542786	-0.66594856
A1	G	12	0.0974112	11.94112	27	0.1878	3.464101615	1.079181246	0.312107674	-1.011391107	3.455592569	1.077045063	5.196152423	1.431363764	0.433358974	-0.726304412
A1	G	13	0.098615571	12.56593	21	0.1398	3.605551275	1.113943352	0.314031162	-1.006054506	3.544845554	1.099194636	4.582575695	1.322219295	0.373898382	-0.854492829
A1	G	24	0.017252333	25.16965	35	0.0474	4.898979486	1.380211242	0.131348137	-1.763152168	5.016936316	1.400877176	5.916079783	1.544068044	0.217715411	-1.324221658
A1	G	10	0.152477471	10.44282	21	0.1823	3.16227766	1	0.390483637	-0.81679432	3.231535239	1.018817792	4.582575695	1.322219295	0.426966041	-0.739213331
A1	G	20	0.021245	21.80454	34	0.0432	4.472135955	1.301029996	0.145756647	-1.672743265	4.669533167	1.338546929	5.830951895	1.531478917	0.207846097	-1.364516253
A1	G	14	0.048933538	15.32586	27	0.1077	3.741657387	1.146128036	0.221209263	-1.310393383	3.914825667	1.185424854	5.196152423	1.431363764	0.328176782	-0.967784297
A1	G	13	0.082431714	13.30515	28	0.1329	3.605551275	1.113943352	0.287109237	-1.08390567	3.647622513	1.124019775	5.291502622	1.447158031	0.364554523	-0.876475019
A1	G	17	0.0339298	18.21907	30	0.0959	4.123105626	1.230448921	0.184200434	-1.4694187	4.268380255	1.260526204	5.477225575	1.477121255	0.309677251	-1.018181393
A1	G	20	0.028817857	14.98399	28	0.0712	4.472135955	1.301029996	0.169758231	-1.540338318	3.870915912	1.175627475	5.291502622	1.447158031	0.266833281	-1.147520006
A1	G	13	0.109445214	12.09228	21	0.189	3.605551275	1.113943352	0.33082505	-0.960803225	3.477395577	1.082508195	4.582575695	1.322219295	0.434741302	-0.723538196
A1	G	17	0.021512	17.62532	28	0.074	4.123105626	1.230448921	0.146669697	-1.667319211	4.198252017	1.246137011	5.291502622	1.447158031	0.27202941	-1.13076828
A1	G	15	0.080889833	10.96408	18	0.1482	3.872983346	1.176091259	0.28441138	-1.092106061	3.311205219	1.039972196	4.242640687	1.255272505	0.384967531	-0.829151796
A1	G	17	0.0534861	26.55649	35	0.065	4.123105626	1.230448921	0.231270621	-1.271759068	5.153298943	1.424170673	5.916079783	1.544068044	0.254950976	-1.187086643
A1	G	20	0.035067429	14.04272	21	0.0791	4.472135955	1.301029996	0.187262994	-1.455096074	3.747361739	1.147451236	4.582575695	1.322219295	0.281247222	-1.101823517
A1	G	15	0.060451917	16.23908	29	0.1058	3.872983346	1.176091259	0.245869715	-1.218589923	4.029774187	1.210561421	5.385164807	1.462397998	0.325269119	-0.975514332
A1	G	20	0.038711857	20.9497	28	0.0596	4.472135955	1.301029996	0.19675329	-1.412155995	4.577084225	1.321177808	5.291502622	1.447158031	0.244131112	-1.22475374
A1	G	23	0.01475225	18.82126	34	0.0613	4.795831523	1.361727836	0.121458841	-1.831141736	4.338347612	1.274648694	5.830951895	1.531478917	0.247588368	-1.212539525
A1	G	16	0.068056818	12.60872	21	0.1509	4	1.204119983	0.260877017	-1.16712836	3.550875948	1.100671001	4.582575695	1.322219295	0.388458492	-0.82131076
A1	G	11	0.155680188	12.12091	26	0.1847	3.31662479	1.041392685	0.394563288	-0.807766653	3.48150973	1.083535227	5.099019514	1.414973348	0.429767379	-0.733533105
A1	G	20	0.029645857	22.37317	28	0.0318	4.472135955	1.301029996	0.172179723	-1.528035991	4.730028541	1.349727523	5.291502622	1.447158031	0.178325545	-1.49757288
A1	G	13	0.134181143	12.02788	26	0.1608	3.605551275	1.113943352	0.366307443	-0.872308513	3.468123412	1.080189087	5.099019514	1.414973348	0.400998753	-0.793713956
A1	G	13	0.097649571	13.30515	28	0.1645	3.605551275	1.113943352	0.312489313	-1.01032966	3.647622513	1.124019775	5.291502622	1.447158031	0.405585996	-0.783834098
A1	G	12	0.122404533	10.44282	21	0.188	3.464101615	1.079181246	0.349863592	-0.912202499	3.231535239	1.018817792	4.582575695	1.322219295	0.433589668	-0.725842151
A1	G	20	0.043445286	16.01185	27	0.0852	4.472135955	1.301029996	0.208435328	-1.362057339	4.001480976	1.204441513	5.196152423	1.431363764	0.29189039	-1.069560405
A1	G	23	0.017754	18.81694	28	0.055	4.795831523	1.361727836	0.133244137	-1.750703784	4.337849698	1.274549	5.291502622	1.447158031	0.234520788	-1.259637311
A1	G	20	0.032098714	17.76972	28	0.0748	4.472135955	1.301029996	0.17916114	-1.493512367	4.21541457	1.249680585	5.291502622	1.447158031	0.273495887	-1.126098402
A1	G	11	0.161755938	10.40582	20	0.2503	3.31662479	1.041392685	0.402188933	-0.791139768	3.225805326	1.017276309	4.472135955	1.301029996	0.50029991	-0.60153915
A1	G	13	0.101200643	11.15134	20	0.1495	3.605551275	1.113943352	0.318120485	-0.994816728	3.339362215	1.047327057	4.472135955	1.301029996	0.386652299	-0.825358807
A1	G	13	0.061112143	14.98399	28	0.1101	3.605551275	1.113943352	0.247208703	-1.213872487	3.870915912	1.175627475	5.291502622	1.447158031	0.3318132	-0.958212681
A1	G	13	0.114564	11.05015	22	0.1545	3.605551275	1.113943352	0.338473042	-0.940951831	3.32417659	1.043368173	4.69041576	1.342422681	0.39306488	-0.811071516
A1	G	16	0.059629455	16.47291	21	0.0647	4	1.204119983	0.244191431	-1.22453916	4.058683284	1.216770326	4.582575695	1.322219295	0.254361947	-1.189095719
A1	G	15	0.091923833	12.60872	21	0.1209	3.872983346	1.176091259	0.303189434	-1.036571875	3.550875948	1.100671001	4.582575695	1.322219295	0.347706773	-0.917573699
A1	G	13	0.114750857	13.21372	21	0.1222	3.605551275	1.113943352	0.338748959	-0.940244062	3.635068087	1.1210251	4.582575695	1.322219295	0.349571166	-0.912928794
A1	G	16	0.057108364	15.27499	21	0.0916	4	1.204119983	0.238973563	-1.243300281	3.90832317	1.183980935	4.582575695	1.322219295	0.302654919	-1.038104526
A1	G	17	0.0562465	13.97538	21	0.079	4.123105626	1.230448921	0.237163446	-1.249904497	3.738365953	1.145363625	4.582575695	1.322219295	0.281069386	-1.102372909
A1	G	20	0.031090857	16.10292	29	0.0795	4.472135955	1.301029996	0.176325996	-1.507367307	4.012844378	1.206904635	5.385164807	1.462397998	0.281957444	-1.099632871
A1	G	16	0.041605091	13.21372	21	0.0957	4	1.204119983	0.203973261	-1.380853524	3.635068087	1.1210251	4.582575695	1.322219295	0.309354166	-1.019088062
A1	G	20	0.041496571	15.21639	21	0.0749	4.472135955	1.301029996	0.203707072	-1.381987789	3.900819145	1.182311631	4.582575695	1.322219295	0.273678644	-1.125518182
A1	G	20	0.055344714	12.60872	21	0.0954	4.472135955	1.301029996	0.235254573	-1.256923852	3.550875948	1.100671001	4.582575695	1.322219295	0.308868904	-1.020451625
A2	A	17	0.0370929	NA	NA	NA	4.123105626	1.230448921	0.192595171	-1.430709211	NA	NA	NA	NA	NA	NA
A2	A	17	0.0529177	18.80792	28	0.0896	4.123105626	1.230448921	0.230038475	-1.27639904	4.336809887	1.274340769	5.291502622	1.447158031	0.299332591	-1.04769199
A2	A	14	0.053568462	18.80792	28	0.0717	3.741657387	1.146128036	0.231448616	-1.271090822	4.336809887	1.274340769	5.291502622	1.447158031	0.267768557	-1.144480844
A2	A	12	0.117156733	15.78282	28	0.1394	3.464101615	1.079181246	0.342281657	-0.931232747	3.972759746	1.198184604	5.291502622	1.447158031	0.373363094	-0.855737226
A2	A	20	0.028973714	26.87942	34	0.0188	4.472135955	1.301029996	0.170216668	-1.537995831	5.184536623	1.429419893	5.830951895	1.531478917	0.137113092	-1.725842151
A2	A	11	0.116353625	13.30515	28	0.2415	3.31662479	1.041392685	0.341106472	-0.934220082	3.647622513	1.124019775	5.291502622	1.447158031	0.491426495	-0.617082865
A2	A	20	0.012462429	18.81694	28	0.051	4.472135955	1.301029996	0.11163525	-1.904397303	4.337849698	1.274549	5.291502622	1.447158031	0.225831796	-1.292429824
A2	A	12	0.091271667	16.46153	28	0.1116	3.464101615	1.079181246	0.302112011	-1.039664017	4.057281109	1.216470198	5.291502622	1.447158031	0.334065862	-0.952335805
A2	A	15	0.0078875	20.75335	35	0.0076	3.872983346	1.176091259	0.088811598	-2.103060628	4.555584485	1.31708821	5.916079783	1.544068044	0.087177979	-2.119186408
A2	A	9	0.1277925	14.98399	28	0.1663	3	0.954242509	0.357480769	-0.893494634	3.870915912	1.175627475	5.291502622	1.447158031	0.40779897	-0.779107751
A2	A	12	0.080119133	13.97538	21	0.1082	3.464101615	1.079181246	0.283053234	-1.096263759	3.738365953	1.145363625	4.582575695	1.322219295	0.328937684	-0.965772739
A2	A	12	0.067399667	13.30515	28	0.153	3.464101615	1.079181246	0.259614458	-1.171342249	3.647622513	1.124019775	5.291502622	1.447158031	0.391152144	-0.815308569
A2	A	14	0.058883385	15.56639	26	0.1234	3.741657387	1.146128036	0.242658989	-1.230007232	3.945426466	1.192187907	5.099019514	1.414973348	0.351283361	-0.90868484
A2	A	23	0.01836425	22.19074	28	0.0479	4.795831523	1.361727836	0.135514759	-1.736026804	4.71070483	1.346171785	5.291502622	1.447158031	0.218860686	-1.319664487
A2	A	13	0.058682857	19.02965	28	0.093	3.605551275	1.113943352	0.242245448	-1.231488751	4.362298706	1.279430801	5.291502622	1.447158031	0.304959014	-1.031517051
A2	A	20	0.032178571	21.21607	28	0.0657	4.472135955	1.301029996	0.179383865	-1.492433246	4.606090533	1.32666494	5.291502622	1.447158031	0.256320112	-1.18243463
A2	A	23	0.0200295	21.97063	34	0.0389	4.795831523	1.361727836	0.141525616	-1.698329892	4.687283862	1.34184251	5.830951895	1.531478917	0.197230829	-1.410050399
A2	A	13	0.063184714	13.09231	22	0.1302	3.605551275	1.113943352	0.251365698	-1.199387976	3.618329725	1.11701628	4.69041576	1.342422681	0.360832371	-0.885389016
A2	A	12	0.134353733	19.73097	28	0.1664	3.464101615	1.079181246	0.366542948	-0.871750262	4.44195565	1.295148436	5.291502622	1.447158031	0.407921561	-0.778846678
A2	A	20	0.011717286	23.33032	34	0.0492	4.472135955	1.301029996	0.108246413	-1.93117297	4.830146996	1.367920696	5.830951895	1.531478917	0.22181073	-1.308034897
A2	A	20	0.023656429	25.48077	34	0.0324	4.472135955	1.301029996	0.153806466	-1.626050813	5.047848056	1.406212548	5.830951895	1.531478917	0.18	-1.48945499
A2	A	10	0.105111176	13.9599	22	0.1286	3.16227766	1	0.324208538	-0.978351105	3.736294956	1.144882307	4.69041576	1.342422681	0.358608422	-0.890759031
A2	A	15	0.067996167	15.24598	28	0.1117	3.872983346	1.176091259	0.260760747	-1.167515568	3.904610096	1.183155346	5.291502622	1.447158031	0.334215499	-0.951946827
A2	A	9	0.107131167	19.5815	28	0.1912	3	0.954242509	0.327308978	-0.970084164	4.425098869	1.291845957	5.291502622	1.447158031	0.437264222	-0.718512112
A2	A	17	0.0370458	18.05296	28	0.071	4.123105626	1.230448921	0.192472855	-1.431261022	4.248877499	1.25654842	5.291502622	1.447158031	0.266458252	-1.148741651
A2	A	15	0.035964417	25.48077	34	0.0282	3.872983346	1.176091259	0.189642867	-1.444126975	5.047848056	1.406212548	5.830951895	1.531478917	0.167928556	-1.549750892
A2	A	17	0.0026463	19.33143	35	0.0691	4.123105626	1.230448921	0.051442201	-2.577360923	4.39675221	1.286263981	5.916079783	1.544068044	0.262868789	-1.160521953
A2	A	20	0.030862857	21.26221	34	0.0589	4.472135955	1.301029996	0.175678277	-1.510563873	4.611096399	1.327608403	5.830951895	1.531478917	0.242693222	-1.229884705
A2	A	15	0.023252167	13.97538	21	0.086	3.872983346	1.176091259	0.152486613	-1.633536567	3.738365953	1.145363625	4.582575695	1.322219295	0.293257566	-1.065501549
A2	A	20	0.020763857	23.58379	35	0.0503	4.472135955	1.301029996	0.144096693	-1.682691971	4.856314446	1.372613599	5.916079783	1.544068044	0.224276615	-1.298432015
A2	A	21	0.025319667	18.80792	28	0.0766	4.582575695	1.322219295	0.159121548	-1.59654201	4.336809887	1.274340769	5.291502622	1.447158031	0.27676705	-1.11577123
A2	A	13	0.068605643	13.21372	21	0.1325	3.605551275	1.113943352	0.261926789	-1.163640161	3.635068087	1.1210251	4.582575695	1.322219295	0.364005494	-0.877784122
A2	A	15	0.039054167	16.04144	28	0.0822	3.872983346	1.176091259	0.197621272	-1.408332621	4.00517665	1.205243351	5.291502622	1.447158031	0.286705424	-1.085128182
A2	A	17	0.018508	21.97063	34	0.0475	4.123105626	1.230448921	0.13604411	-1.732640509	4.687283862	1.34184251	5.830951895	1.531478917	0.217944947	-1.32330639
A2	A	16	0.023085091	18.95559	27	0.0538	4	1.204119983	0.151937787	-1.636668409	4.353801787	1.277737307	5.196152423	1.431363764	0.23194827	-1.269217724
A2	A	17	0.0432588	19.02965	28	0.0685	4.123105626	1.230448921	0.2079875	-1.363925532	4.362298706	1.279430801	5.291502622	1.447158031	0.261725047	-1.164309429
A2	A	14	0.076484385	11.20257	28	0.2022	3.741657387	1.146128036	0.276558104	-1.116427221	3.347024051	1.049317666	5.291502622	1.447158031	0.449666543	-0.694218849
A2	A	16	0.032630636	15.68337	28	0.0833	4	1.204119983	0.180639519	-1.486374461	3.960223479	1.195439388	5.291502622	1.447158031	0.288617394	-1.079354999
A2	A	15	0.049676167	17.22751	28	0.1045	3.872983346	1.176091259	0.222881509	-1.303851922	4.150603571	1.236222511	5.291502622	1.447158031	0.323264598	-0.98088371
A2	A	11	0.12610675	13.54928	27	0.1903	3.31662479	1.041392685	0.355115122	-0.899261667	3.680934664	1.131916218	5.196152423	1.431363764	0.436233882	-0.720561212
A2	A	13	0.07835	16.31069	28	0.0843	3.605551275	1.113943352	0.2799107	-1.105960999	4.038649527	1.212472334	5.291502622	1.447158031	0.290344623	-1.074172425
A2	A	16	0.024256545	18.80792	28	0.0728	4	1.204119983	0.155745128	-1.615171058	4.336809887	1.274340769	5.291502622	1.447158031	0.269814751	-1.137868621
A2	A	12	0.046917	20.32236	34	0.0722	3.464101615	1.079181246	0.216603324	-1.328669766	4.50803283	1.30797414	5.830951895	1.531478917	0.268700577	-1.141462802
A2	A	20	0.019382714	NA	NA	NA	4.472135955	1.301029996	0.139221816	-1.712585412	NA	NA	NA	NA	NA	NA
A2	A	20	0.012312143	NA	NA	NA	4.472135955	1.301029996	0.110960096	-1.909666349	NA	NA	NA	NA	NA	NA
A2	A	22	0.0128794	16.91647	28	0.0522	4.69041576	1.342422681	0.113487444	-1.890104369	4.112963652	1.228309743	5.291502622	1.447158031	0.228473193	-1.282329497
A2	A	20	0.019925286	21.32111	28	0.0666	4.472135955	1.301029996	0.141156955	-1.700595436	4.617478749	1.328809811	5.291502622	1.447158031	0.258069758	-1.176525771
A2	A	15	0.0359055	13.21372	21	0.1121	3.872983346	1.176091259	0.189487467	-1.444839021	3.635068087	1.1210251	4.582575695	1.322219295	0.334813381	-0.950394387
A2	G	12	0.077526267	10.44282	21	0.1831	3.464101615	1.079181246	0.278435391	-1.110551127	3.231535239	1.018817792	4.582575695	1.322219295	0.427901858	-0.737311656
A2	G	14	0.060005846	15.56585	35	0.0968	3.741657387	1.146128036	0.244960907	-1.221806437	3.945358032	1.192172841	5.916079783	1.544068044	0.311126984	-1.014124643
A2	G	20	0.063593	15.84588	26	0.1461	4.472135955	1.301029996	0.252176525	-1.196590687	3.980688383	1.199916363	5.099019514	1.414973348	0.382230297	-0.835349784
A2	G	20	0.037533286	24.41446	34	0.0615	4.472135955	1.301029996	0.193735092	-1.425583412	4.941099068	1.387647123	5.830951895	1.531478917	0.247991935	-1.211124884
A2	G	23	0.014377	NA	NA	NA	4.795831523	1.361727836	0.119904128	-1.842331727	NA	NA	NA	NA	NA	NA
A2	G	12	0.028097067	22.40026	34	0.1165	3.464101615	1.079181246	0.167621798	-1.551339013	4.732891294	1.350253059	5.830951895	1.531478917	0.341320963	-0.933674075
A2	G	23	0.024519	19.31801	28	0.056	4.795831523	1.361727836	0.15658544	-1.610497246	4.395225819	1.285962387	5.291502622	1.447158031	0.236643191	-1.251811973
A2	G	11	0.120700188	12.09228	21	0.237	3.31662479	1.041392685	0.347419326	-0.918292053	3.477395577	1.082508195	4.582575695	1.322219295	0.486826458	-0.625251654
A2	G	20	0.035280571	16.19307	28	0.0766	4.472135955	1.301029996	0.18783123	-1.452464395	4.024061381	1.209329193	5.291502622	1.447158031	0.27676705	-1.11577123
A2	G	13	0.077816357	21.32111	28	0.0935	3.605551275	1.113943352	0.278955833	-1.108929105	4.617478749	1.328809811	5.291502622	1.447158031	0.305777697	-1.029188389
A2	G	20	0.026917286	25.48077	34	0.0533	4.472135955	1.301029996	0.164064884	-1.569968731	5.047848056	1.406212548	5.830951895	1.531478917	0.230867928	-1.273272791
A2	G	12	0.1016134	18.80792	28	0.143	3.464101615	1.079181246	0.318768568	-0.993049017	4.336809887	1.274340769	5.291502622	1.447158031	0.378153408	-0.844663963
A2	G	17	0.042991	21.80454	34	0.0843	4.123105626	1.230448921	0.207342711	-1.366622453	4.669533167	1.338546929	5.830951895	1.531478917	0.290344623	-1.074172425
A2	G	14	0.082335	12.60872	21	0.1565	3.741657387	1.146128036	0.28694076	-1.08441551	3.550875948	1.100671001	4.582575695	1.322219295	0.395600809	-0.805485658
A2	G	20	0.025494429	18.05296	28	0.0613	4.472135955	1.301029996	0.15966975	-1.593554711	4.248877499	1.25654842	5.291502622	1.447158031	0.247588368	-1.212539525
A2	G	20	0.039890143	20.73658	28	0.0534	4.472135955	1.301029996	0.199725169	-1.399134407	4.553743515	1.316737132	5.291502622	1.447158031	0.2310844	-1.272458743
A2	G	15	0.039464333	18.80792	28	0.0839	3.872983346	1.176091259	0.198656319	-1.403795233	4.336809887	1.274340769	5.291502622	1.447158031	0.289654967	-1.076238039
A2	G	13	0.068335857	18.80792	28	0.0787	3.605551275	1.113943352	0.261411279	-1.165351355	4.336809887	1.274340769	5.291502622	1.447158031	0.280535203	-1.104025268
A2	G	24	0.016523667	22.19074	28	0.0519	4.898979486	1.380211242	0.128544416	-1.781893566	4.71070483	1.346171785	5.291502622	1.447158031	0.227815715	-1.284832642
A2	G	15	0.043282917	18.80792	28	0.0953	3.872983346	1.176091259	0.208045469	-1.363683478	4.336809887	1.274340769	5.291502622	1.447158031	0.308706981	-1.020907099
A2	G	11	0.106922688	12.16764	28	0.2063	3.31662479	1.041392685	0.326990348	-0.970930132	3.488214443	1.085206352	5.291502622	1.447158031	0.454202598	-0.685500772
A2	G	15	0.06962475	17.22751	28	0.1047	3.872983346	1.176091259	0.263865022	-1.157236351	4.150603571	1.236222511	5.291502622	1.447158031	0.323573794	-0.980053318
A2	G	14	0.154377615	30.96015	35	0.0293	3.741657387	1.146128036	0.392909169	-0.811415673	5.564184576	1.490803056	5.916079783	1.544068044	0.171172428	-1.53313238
A2	G	20	0.019482286	16.74136	27	0.0668	4.472135955	1.301029996	0.13957896	-1.710360085	4.091620706	1.223790735	5.196152423	1.431363764	0.25845696	-1.175223538
A2	G	20	0.023618429	18.88941	28	0.0478	4.472135955	1.301029996	0.153682885	-1.626748993	4.346194887	1.276218393	5.291502622	1.447158031	0.218632111	-1.320572103
A2	G	12	0.0812916	18.43308	28	0.0987	3.464101615	1.079181246	0.285116818	-1.089954328	4.293376294	1.265597908	5.291502622	1.447158031	0.314165561	-1.005682847
A2	G	21	0.015580167	16.01185	27	0.0627	4.582575695	1.322219295	0.124820539	-1.807427892	4.001480976	1.204441513	5.196152423	1.431363764	0.250399681	-1.202732459
A2	G	15	0.041941583	15.24598	28	0.0875	3.872983346	1.176091259	0.204796443	-1.377355182	3.904610096	1.183155346	5.291502622	1.447158031	0.295803989	-1.057991947
A2	G	17	0.0426247	13.54928	27	0.0865	4.123105626	1.230448921	0.206457502	-1.370338665	3.680934664	1.131916218	5.196152423	1.431363764	0.294108823	-1.062983893
A2	G	13	0.066661714	13.9709	26	0.1083	3.605551275	1.113943352	0.258189299	-1.176123524	3.737766713	1.145224384	5.099019514	1.414973348	0.329089653	-0.965371543
A2	G	16	0.047256818	15.59159	21	0.087	4	1.204119983	0.217386334	-1.325535525	3.948618746	1.192890406	4.582575695	1.322219295	0.294957624	-1.060480747
A2	G	20	0.036573286	15.68337	28	0.0815	4.472135955	1.301029996	0.191241434	-1.436836018	3.960223479	1.195439388	5.291502622	1.447158031	0.285482048	-1.088842391
A2	G	15	0.056065417	13.97538	21	0.0993	3.872983346	1.176091259	0.23678137	-1.251304943	3.738365953	1.145363625	4.582575695	1.322219295	0.315119025	-1.003050752
A2	G	17	0.0336873	18.05296	28	0.049	4.123105626	1.230448921	0.183541004	-1.472533796	4.248877499	1.25654842	5.291502622	1.447158031	0.221359436	-1.30980392
A2	G	17	0.0327009	19.68729	28	0.0673	4.123105626	1.230448921	0.180833902	-1.485440294	4.437036173	1.294185939	5.291502622	1.447158031	0.259422435	-1.171984936
A2	G	22	0.0189256	23.21065	29	0.0323	4.69041576	1.342422681	0.137570346	-1.722950343	4.817743248	1.365687303	5.385164807	1.462397998	0.179722008	-1.490797478
A2	G	15	0.058341417	18.577	29	0.0881	3.872983346	1.176091259	0.24153968	-1.234023027	4.310104407	1.268975581	5.385164807	1.462397998	0.296816442	-1.055024092
A2	G	12	0.103756333	15.24598	28	0.1109	3.464101615	1.079181246	0.322112299	-0.983985386	3.904610096	1.183155346	5.291502622	1.447158031	0.333016516	-0.955068454
A2	G	11	0.113272375	12.20349	26	0.218	3.31662479	1.041392685	0.336559616	-0.945875993	3.493349396	1.08648405	5.099019514	1.414973348	0.466904701	-0.661543506
A2	G	20	0.030725571	22.51872	28	0.0454	4.472135955	1.301029996	0.17528711	-1.512500037	4.745389341	1.352543701	5.291502622	1.447158031	0.213072758	-1.342944147
A2	G	14	0.069778923	17.62532	28	0.1118	3.741657387	1.146128036	0.264157004	-1.156275738	4.198252017	1.246137011	5.291502622	1.447158031	0.33436507	-0.951558196
A2	G	15	0.043785	16.01352	21	0.071	3.872983346	1.176091259	0.209248656	-1.358674646	4.001689643	1.204486807	4.582575695	1.322219295	0.266458252	-1.148741651
A2	G	24	0.016358667	NA	NA	NA	4.898979486	1.380211242	0.127901005	-1.786252088	NA	NA	NA	NA	NA	NA
A2	G	24	0.02447	15.37189	21	0.0683	4.898979486	1.380211242	0.156428898	-1.611366031	3.920700193	1.186727268	4.582575695	1.322219295	0.261342687	-1.165579296
A2	G	13	0.089175214	15.24598	28	0.1312	3.605551275	1.113943352	0.298622193	-1.04975584	3.904610096	1.183155346	5.291502622	1.447158031	0.362215406	-0.882066165
A2	G	12	0.093864133	13.54928	27	0.1199	3.464101615	1.079181246	0.30637254	-1.027500327	3.680934664	1.131916218	5.196152423	1.431363764	0.346265794	-0.921180817
A2	G	20	0.044602429	18.81694	28	0.0483	4.472135955	1.301029996	0.211192872	-1.350641489	4.337849698	1.274549	5.291502622	1.447158031	0.21977261	-1.316052869
A2	G	23	0.01423125	17.62895	27	0.055	4.795831523	1.361727836	0.119294803	-1.846756952	4.198684318	1.246226446	5.196152423	1.431363764	0.234520788	-1.259637311
C1	A	15	0.027979	21.21607	28	0.1039	3.872983346	1.176091259	0.167269244	-1.553167812	4.606090533	1.32666494	5.291502622	1.447158031	0.322335229	-0.983384452
C1	A	14	0.047972462	16.91647	28	0.0861	3.741657387	1.146128036	0.219026167	-1.319007992	4.112963652	1.228309743	5.291502622	1.447158031	0.293428015	-1.064996849
C1	A	20	0.021209857	18.35016	27	0.052	4.472135955	1.301029996	0.145636043	-1.67346226	4.283708674	1.263639855	5.196152423	1.431363764	0.228035085	-1.283996656
C1	A	24	0.014123667	18.81694	28	0.0548	4.898979486	1.380211242	0.118843035	-1.850052531	4.337849698	1.274549	5.291502622	1.447158031	0.234093998	-1.261219442
C1	A	12	0.062797267	18.23478	27	0.0884	3.464101615	1.079181246	0.250593829	-1.202059257	4.270220135	1.260900528	5.196152423	1.431363764	0.297321375	-1.053547735
C1	A	20	0.029330857	18.15253	28	0.0675	4.472135955	1.301029996	0.171262538	-1.532675247	4.260578599	1.258937163	5.291502622	1.447158031	0.259807621	-1.170696227
C1	A	15	0.041007917	14.44035	27	0.0977	3.872983346	1.176091259	0.202504116	-1.38713229	3.800046052	1.15957772	5.196152423	1.431363764	0.312569992	-1.010105436
C1	A	14	0.062735846	16.04144	28	0.1268	3.741657387	1.146128036	0.250471248	-1.202484241	4.00517665	1.205243351	5.291502622	1.447158031	0.356089876	-0.896880746
C1	A	15	0.023097	16.91647	28	0.0562	3.872983346	1.176091259	0.151976972	-1.636444426	4.112963652	1.228309743	5.291502622	1.447158031	0.237065392	-1.250263684
C1	A	21	0.0166885	16.74136	27	0.0695	4.582575695	1.322219295	0.129183977	-1.777582697	4.091620706	1.223790735	5.196152423	1.431363764	0.263628527	-1.158015195
C1	A	17	0.0242365	24.69079	34	0.0534	4.123105626	1.230448921	0.155680763	-1.615530097	4.968982793	1.392534986	5.830951895	1.531478917	0.2310844	-1.272458743
C1	A	24	0.019771	26.87942	34	0.0263	4.898979486	1.380211242	0.140609388	-1.703971364	5.184536623	1.429419893	5.830951895	1.531478917	0.162172747	-1.580044252
C1	A	16	0.026025818	14.81738	26	0.0716	4	1.204119983	0.161325193	-1.584595612	3.849335008	1.170771419	5.099019514	1.414973348	0.267581763	-1.145086978
C1	A	20	0.01418	17.16875	27	0.0707	4.472135955	1.301029996	0.119079805	-1.848323769	4.143519036	1.234738677	5.196152423	1.431363764	0.265894716	-1.150580586
C1	A	21	0.018297	21.11885	28	0.0577	4.582575695	1.322219295	0.135266404	-1.737620112	4.595524997	1.324670266	5.291502622	1.447158031	0.240208243	-1.238824187
C1	A	21	0.015544833	27.70424	35	0.0273	4.582575695	1.322219295	0.12467892	-1.808413939	5.263481737	1.442546241	5.916079783	1.544068044	0.165227116	-1.563837353
C1	A	20	0.013548143	19.38889	28	0.0605	4.472135955	1.301029996	0.11639649	-1.868120228	4.403281731	1.287552947	5.291502622	1.447158031	0.245967478	-1.218244625
C1	A	20	0.028884857	18.55769	29	0.0487	4.472135955	1.301029996	0.169955456	-1.539329778	4.30786374	1.268523916	5.385164807	1.462397998	0.220680765	-1.312471039
C1	A	20	0.021457857	17.3698	27	0.0571	4.472135955	1.301029996	0.146485006	-1.668413653	4.167709203	1.239794818	5.196152423	1.431363764	0.238956063	-1.243363892
C1	A	17	0.016007	21.97063	34	0.0353	4.123105626	1.230448921	0.126518773	-1.795690055	4.687283862	1.34184251	5.830951895	1.531478917	0.187882942	-1.452225295
C1	A	15	0.026546333	16.5282	26	0.0905	3.872983346	1.176091259	0.162930454	-1.575995462	4.0654889	1.218225559	5.099019514	1.414973348	0.300832179	-1.043351421
C1	A	20	0.014075714	27.76166	35	0.038	4.472135955	1.301029996	0.118641114	-1.851529566	5.268933478	1.443445431	5.916079783	1.544068044	0.194935887	-1.420216403
C1	A	16	0.035394182	19.13509	35	0.1072	4	1.204119983	0.188133415	-1.45106812	4.374367383	1.281830509	5.916079783	1.544068044	0.327414111	-0.969805215
C1	A	22	0.0090396	21.97063	34	0.044	4.69041576	1.342422681	0.095076811	-2.043850787	4.687283862	1.34184251	5.830951895	1.531478917	0.20976177	-1.356547324
C1	A	15	0.016417417	20.7885	28	0.0617	3.872983346	1.176091259	0.128130469	-1.784695171	4.559440755	1.317823154	5.291502622	1.447158031	0.248394847	-1.209714836
C1	A	20	0.014605	21.97063	34	0.0354	4.472135955	1.301029996	0.120851148	-1.835498439	4.687283862	1.34184251	5.830951895	1.531478917	0.188148877	-1.450996738
C1	A	13	0.054649429	17.44435	35	0.0985	3.605551275	1.113943352	0.233772173	-1.262414371	4.176643389	1.241654792	5.916079783	1.544068044	0.313847097	-1.00656377
C1	A	16	0.024674182	19.67599	28	0.0655	4	1.204119983	0.157080177	-1.607757236	4.435762618	1.293936593	5.291502622	1.447158031	0.255929678	-1.1837587
C1	A	15	0.0345985	18.88941	28	0.0935	3.872983346	1.176091259	0.18600672	-1.460942729	4.346194887	1.276218393	5.291502622	1.447158031	0.305777697	-1.029188389
C1	A	22	0.0102148	18.47938	26	0.0507	4.69041576	1.342422681	0.101068294	-1.990770132	4.298764939	1.266687396	5.099019514	1.414973348	0.225166605	-1.294992041
C1	A	17	0.0298825	18.35016	27	0.0632	4.123105626	1.230448921	0.172865555	-1.524583072	4.283708674	1.263639855	5.196152423	1.431363764	0.251396102	-1.199282922
C1	A	11	0.070284125	16.5282	26	0.1041	3.31662479	1.041392685	0.265111533	-1.153142758	4.0654889	1.218225559	5.099019514	1.414973348	0.322645316	-0.98254927
C1	A	15	0.060104833	16.34294	27	0.0836	3.872983346	1.176091259	0.24516287	-1.221090605	4.042640226	1.213330186	5.196152423	1.431363764	0.289136646	-1.077793723
C1	A	20	0.017156143	18.88941	28	0.0455	4.472135955	1.301029996	0.130981461	-1.765580342	4.346194887	1.276218393	5.291502622	1.447158031	0.21330729	-1.341988603
C1	A	20	0.021625286	18.95559	27	0.0475	4.472135955	1.301029996	0.147055384	-1.66503814	4.353801787	1.277737307	5.196152423	1.431363764	0.217944947	-1.32330639
C1	A	20	0.014777286	19.02965	28	0.057	4.472135955	1.301029996	0.121561861	-1.830405321	4.362298706	1.279430801	5.291502622	1.447158031	0.238746728	-1.244125144
C1	A	20	0.02381	16.76904	28	0.0577	4.472135955	1.301029996	0.154304893	-1.623240605	4.095001832	1.224508201	5.291502622	1.447158031	0.240208243	-1.238824187
C1	A	10	0.103129529	15.84588	26	0.1138	3.16227766	1	0.321137866	-0.986616966	3.980688383	1.199916363	5.099019514	1.414973348	0.337342556	-0.943857738
C1	A	13	0.069566214	16.91647	28	0.0679	3.605551275	1.113943352	0.263754079	-1.157601632	4.112963652	1.228309743	5.291502622	1.447158031	0.260576284	-1.168130226
C1	A	24	0.01414	25.09992	27	0.0343	4.898979486	1.380211242	0.118911732	-1.849550591	5.009982036	1.399672337	5.196152423	1.431363764	0.185202592	-1.46470588
C1	A	12	0.066190133	16.84993	28	0.0622	3.464101615	1.079181246	0.257274431	-1.179206746	4.104866624	1.226598101	5.291502622	1.447158031	0.249399278	-1.206209615
C1	A	22	0.0092718	21.97063	34	0.0279	4.69041576	1.342422681	0.096290186	-2.032835945	4.687283862	1.34184251	5.830951895	1.531478917	0.167032931	-1.554395797
C1	A	14	0.037825615	11.95493	27	0.1529	3.741657387	1.146128036	0.194488084	-1.422214002	3.457590201	1.077547038	5.196152423	1.431363764	0.391024296	-0.815592515
C1	A	10	0.055644647	20.73394	28	0.1283	3.16227766	1	0.235891176	-1.254576608	4.553453634	1.316681837	5.291502622	1.447158031	0.358189894	-0.891773344
C1	A	12	0.0719678	17.5501	28	0.0989	3.464101615	1.079181246	0.268268149	-1.142861773	4.189283948	1.244279595	5.291502622	1.447158031	0.314483704	-1.004803708
C1	A	12	0.0632076	12.4887	22	0.09	3.464101615	1.079181246	0.251411217	-1.1992307	3.533935483	1.096517233	4.69041576	1.342422681	0.3	-1.045757491
C1	A	16	0.025942636	18.35016	28	0.0539	4	1.204119983	0.161067179	-1.585985898	4.283708674	1.263639855	5.291502622	1.447158031	0.232163735	-1.268411235
C1	A	15	0.040809333	17.16875	27	0.0528	3.872983346	1.176091259	0.2020132	-1.389240503	4.143519036	1.234738677	5.196152423	1.431363764	0.229782506	-1.277366077
C1	G	20	0.027200143	16.74136	27	0.0545	4.472135955	1.301029996	0.164924659	-1.565428813	4.091620706	1.223790735	5.196152423	1.431363764	0.233452351	-1.263603498
C1	G	14	0.031814462	15.84588	27	0.0895	3.741657387	1.146128036	0.17836609	-1.497375417	3.980688383	1.199916363	5.196152423	1.431363764	0.299165506	-1.048176965
C1	G	11	0.07353	16.25556	26	0.085	3.31662479	1.041392685	0.271164157	-1.133535434	4.031818448	1.211001935	5.099019514	1.414973348	0.291547595	-1.070581074
C1	G	15	0.03489	15.59117	27	0.0915	3.872983346	1.176091259	0.186788651	-1.457299031	3.948565562	1.192878707	5.196152423	1.431363764	0.302489669	-1.038578906
C1	G	20	0.028458714	16.19307	28	0.0483	4.472135955	1.301029996	0.168697107	-1.545784729	4.024061381	1.209329193	5.291502622	1.447158031	0.21977261	-1.316052869
C1	G	13	0.055034429	16.5282	26	0.0689	3.605551275	1.113943352	0.234594179	-1.259365535	4.0654889	1.218225559	5.099019514	1.414973348	0.262488095	-1.161780778
C1	G	21	0.016538167	18.15253	28	0.0499	4.582575695	1.322219295	0.128600805	-1.781512627	4.260578599	1.258937163	5.291502622	1.447158031	0.223383079	-1.301899454
C1	G	12	0.079177	13.21372	21	0.0764	3.464101615	1.079181246	0.281384079	-1.101400958	3.635068087	1.1210251	4.582575695	1.322219295	0.276405499	-1.116906641
C1	G	21	0.016485167	15.68337	28	0.0775	4.582575695	1.322219295	0.128394575	-1.782906649	3.960223479	1.195439388	5.291502622	1.447158031	0.278388218	-1.110698297
C1	G	11	0.101107	12.20349	26	0.1175	3.31662479	1.041392685	0.317973269	-0.995218776	3.493349396	1.08648405	5.099019514	1.414973348	0.34278273	-0.929962133
C1	G	23	0.0014875	25.48077	34	0.03	4.795831523	1.361727836	0.038568122	-2.827543026	5.047848056	1.406212548	5.830951895	1.531478917	0.173205081	-1.522878745
C1	G	20	0.020521	18.15253	28	0.0514	4.472135955	1.301029996	0.143251527	-1.68780148	4.260578599	1.258937163	5.291502622	1.447158031	0.226715681	-1.289036881
C1	G	20	0.019867571	21.97063	34	0.0485	4.472135955	1.301029996	0.140952371	-1.701855226	4.687283862	1.34184251	5.830951895	1.531478917	0.220227155	-1.314258261
C1	G	12	0.080478867	18.80792	28	0.1143	3.464101615	1.079181246	0.283687975	-1.094318146	4.336809887	1.274340769	5.291502622	1.447158031	0.33808283	-0.94195377
C1	G	21	0.014102833	17.44435	27	0.0684	4.582575695	1.322219295	0.118755349	-1.850693637	4.176643389	1.241654792	5.196152423	1.431363764	0.261533937	-1.164943898
C1	G	20	0.037099143	17.73461	26	0.085	4.472135955	1.301029996	0.192611378	-1.430636123	4.211248034	1.248821642	5.099019514	1.414973348	0.291547595	-1.070581074
C1	G	20	0.021839714	18.95559	27	0.0537	4.472135955	1.301029996	0.147782658	-1.660753053	4.353801787	1.277737307	5.196152423	1.431363764	0.231732605	-1.270025714
C1	G	13	0.053573143	16.34294	27	0.111	3.605551275	1.113943352	0.231458729	-1.271052874	4.042640226	1.213330186	5.196152423	1.431363764	0.333166625	-0.954677021
C1	G	21	0.015050167	21.17999	29	0.0354	4.582575695	1.322219295	0.122679122	-1.822458681	4.602172313	1.325925751	5.385164807	1.462397998	0.188148877	-1.450996738
C1	G	13	0.054680929	18.64242	26	0.0824	3.605551275	1.113943352	0.233839537	-1.262164116	4.317686881	1.270502288	5.099019514	1.414973348	0.287054002	-1.084072788
C1	G	15	0.03461475	NA	NA	NA	3.872983346	1.176091259	0.186050396	-1.460738801	NA	NA	NA	NA	NA	NA
C1	G	20	0.024020429	17.62895	27	0.0582	4.472135955	1.301029996	0.154985254	-1.61941924	4.198684318	1.246226446	5.196152423	1.431363764	0.241246762	-1.235077015
C1	G	13	0.049592786	16.74136	27	0.0934	3.605551275	1.113943352	0.222694378	-1.304581493	4.091620706	1.223790735	5.196152423	1.431363764	0.305614136	-1.029653124
C1	G	15	0.037234833	16.34294	27	0.1029	3.872983346	1.176091259	0.192963294	-1.42905059	4.042640226	1.213330186	5.196152423	1.431363764	0.320780299	-0.987584625
C1	G	17	0.0274295	16.74136	27	0.0655	4.123105626	1.230448921	0.165618538	-1.561782109	4.091620706	1.223790735	5.196152423	1.431363764	0.255929678	-1.1837587
C1	G	20	0.013995286	18.81694	28	0.045	4.472135955	1.301029996	0.118301674	-1.854018222	4.337849698	1.274549	5.291502622	1.447158031	0.212132034	-1.346787486
C1	G	13	0.048800357	16.01185	27	0.0859	3.605551275	1.113943352	0.220908028	-1.311577001	4.001480976	1.204441513	5.196152423	1.431363764	0.293087018	-1.066006836
C1	G	15	0.044311583	18.81694	28	0.0851	3.872983346	1.176091259	0.210503166	-1.353482735	4.337849698	1.274549	5.291502622	1.447158031	0.291719043	-1.07007044
C1	G	16	0.027832727	21.97063	34	0.0462	4	1.204119983	0.166831433	-1.55544424	4.687283862	1.34184251	5.830951895	1.531478917	0.214941853	-1.335358024
C1	G	20	0.016923429	NA	NA	NA	4.472135955	1.301029996	0.13009008	-1.771511636	NA	NA	NA	NA	NA	NA
C1	G	20	0.017084143	14.00042	22	0.0063	4.472135955	1.301029996	0.130706323	-1.767406802	3.741713511	1.146141064	4.69041576	1.342422681	0.079372539	-2.200659451
C1	G	13	0.050891714	13.9709	26	0.1074	3.605551275	1.113943352	0.225591919	-1.293352922	3.737766713	1.145224384	5.099019514	1.414973348	0.327719392	-0.968995719
C1	G	15	0.03719775	19.02965	28	0.0543	3.872983346	1.176091259	0.192867182	-1.429483329	4.362298706	1.279430801	5.291502622	1.447158031	0.233023604	-1.26520017
C1	G	15	0.034123833	18.4965	27	0.0617	3.872983346	1.176091259	0.184726373	-1.466942192	4.300755748	1.267089557	5.196152423	1.431363764	0.248394847	-1.209714836
C1	G	13	0.040696571	16.34294	27	0.1062	3.605551275	1.113943352	0.201733911	-1.390442182	4.042640226	1.213330186	5.196152423	1.431363764	0.325883415	-0.973875483
C1	G	17	0.020121	16.92041	26	0.0704	4.123105626	1.230448921	0.141848511	-1.696350439	4.113442597	1.228410882	5.099019514	1.414973348	0.265329983	-1.152427341
C1	G	20	0.033742143	16.46153	28	0.0961	4.472135955	1.301029996	0.183690345	-1.471827338	4.057281109	1.216470198	5.291502622	1.447158031	0.31	-1.017276612
C1	G	20	0.033311	16.46153	28	0.0771	4.472135955	1.301029996	0.182513013	-1.47741233	4.057281109	1.216470198	5.291502622	1.447158031	0.277668868	-1.112945622
C1	G	14	0.049493231	15.59939	27	0.1148	3.741657387	1.146128036	0.222470742	-1.305454194	3.949606309	1.193107616	5.196152423	1.431363764	0.338821487	-0.940058112
C1	G	16	0.026628364	15.84588	26	0.0798	4	1.204119983	0.163181997	-1.574655515	3.980688383	1.199916363	5.099019514	1.414973348	0.282488938	-1.097997109
C1	G	13	0.037330857	16.92041	26	0.1003	3.605551275	1.113943352	0.193211948	-1.42793204	4.113442597	1.228410882	5.099019514	1.414973348	0.316701752	-0.998699067
C1	G	20	0.020494714	20.81985	34	0.0584	4.472135955	1.301029996	0.14315975	-1.688358138	4.562877382	1.318477596	5.830951895	1.531478917	0.241660919	-1.233587153
C1	G	20	0.025383429	17.44435	27	0.0661	4.472135955	1.301029996	0.159321778	-1.59544971	4.176643389	1.241654792	5.196152423	1.431363764	0.257099203	-1.179798541
C1	G	17	0.0354424	15.78282	28	0.1257	4.123105626	1.230448921	0.18826152	-1.450476877	3.972759746	1.198184604	5.291502622	1.447158031	0.354541958	-0.900664722
C1	G	21	0.009965833	20.73394	28	0.089	4.582575695	1.322219295	0.099829019	-2.001486395	4.553453634	1.316681837	5.291502622	1.447158031	0.298328678	-1.050609993
C1	G	12	0.091973333	12.20349	26	0.1503	3.464101615	1.079181246	0.303271055	-1.036338075	3.493349396	1.08648405	5.099019514	1.414973348	0.387685439	-0.823041019
C1	G	14	0.038972231	NA	NA	NA	3.741657387	1.146128036	0.197413857	-1.409244732	NA	NA	NA	NA	NA	NA
C1	G	11	0.091081375	18.17498	26	0.1011	3.31662479	1.041392685	0.30179691	-1.040570422	4.263212404	1.259473942	5.099019514	1.414973348	0.317962262	-0.995248844
C2	A	11	0.061136875	16.34294	27	0.1536	3.31662479	1.041392685	0.247258721	-1.213696764	4.042640226	1.213330186	5.196152423	1.431363764	0.391918359	-0.813608784
C2	A	14	0.028852615	20.73394	28	0.0855	3.741657387	1.146128036	0.169860575	-1.539814819	4.553453634	1.316681837	5.291502622	1.447158031	0.29240383	-1.068033885
C2	A	22	0.006817	22.19074	28	0.0387	4.69041576	1.342422681	0.082565126	-2.166406706	4.71070483	1.346171785	5.291502622	1.447158031	0.196723156	-1.412289035
C2	A	13	0.039904786	16.74136	27	0.0866	3.605551275	1.113943352	0.199761823	-1.398975014	4.091620706	1.223790735	5.196152423	1.431363764	0.294278779	-1.062482108
C2	A	17	0.0254292	16.74136	27	0.1254	4.123105626	1.230448921	0.159465357	-1.594667302	4.091620706	1.223790735	5.196152423	1.431363764	0.354118624	-0.901702464
C2	A	14	0.049290846	15.56639	26	0.1087	3.741657387	1.146128036	0.222015418	-1.307233728	3.945426466	1.192187907	5.099019514	1.414973348	0.32969683	-0.963770456
C2	A	17	0.021694	23.82041	34	0.0776	4.123105626	1.230448921	0.147288832	-1.663660364	4.88061574	1.376949232	5.830951895	1.531478917	0.278567766	-1.110138279
C2	A	9	0.106915056	NA	NA	NA	3	0.954242509	0.326978678	-0.970961132	NA	NA	NA	NA	NA	NA
C2	A	11	0.065221813	16.74136	27	0.1549	3.31662479	1.041392685	0.255385616	-1.185607133	4.091620706	1.223790735	5.196152423	1.431363764	0.393573373	-0.809948582
C2	A	20	0.019741286	22.4262	28	0.0511	4.472135955	1.301029996	0.140503687	-1.70462456	4.735630898	1.350755691	5.291502622	1.447158031	0.226053091	-1.2915791
C2	A	12	0.046248067	17.79222	28	0.1095	3.464101615	1.079181246	0.215053637	-1.334906414	4.218082503	1.25023014	5.291502622	1.447158031	0.330907842	-0.960585881
C2	A	20	0.013243714	21.97063	34	0.0599	4.472135955	1.301029996	0.115081336	-1.877990206	4.687283862	1.34184251	5.830951895	1.531478917	0.244744765	-1.222573178
C2	A	20	0.025562714	19.82814	34	0.0599	4.472135955	1.301029996	0.159883439	-1.592393039	4.452879967	1.297281977	5.830951895	1.531478917	0.244744765	-1.222573178
C2	A	14	0.034783462	16.34294	27	0.0727	3.741657387	1.146128036	0.186503249	-1.458627195	4.042640226	1.213330186	5.196152423	1.431363764	0.269629375	-1.138465589
C2	A	20	0.016151	20.11827	34	0.058	4.472135955	1.301029996	0.127086585	-1.791800583	4.485339452	1.303590632	5.830951895	1.531478917	0.240831892	-1.236572006
C2	A	13	0.032218	16.74136	27	0.0926	3.605551275	1.113943352	0.179493732	-1.491901423	4.091620706	1.223790735	5.196152423	1.431363764	0.304302481	-1.033389013
C2	A	12	0.066244	13.9709	26	0.15	3.464101615	1.079181246	0.257379098	-1.178853452	3.737766713	1.145224384	5.099019514	1.414973348	0.387298335	-0.823908741
C2	A	17	0.0120494	17.82653	27	0.0909	4.123105626	1.230448921	0.109769759	-1.919034578	4.222147558	1.251066814	5.196152423	1.431363764	0.301496269	-1.041436117
C2	A	24	0.012766667	27.76166	35	0.0328	4.898979486	1.380211242	0.112989677	-1.893922469	5.268933478	1.443445431	5.916079783	1.544068044	0.181107703	-1.484126156
C2	A	14	0.022219846	21.97063	34	0.0493	3.741657387	1.146128036	0.149063228	-1.653258955	4.687283862	1.34184251	5.830951895	1.531478917	0.222036033	-1.307153081
C2	A	9	0.127872056	12.22526	26	0.1801	3	0.954242509	0.357592025	-0.893224352	3.496463928	1.087258104	5.099019514	1.414973348	0.424381903	-0.744486287
C2	A	20	0.022636	16.74136	27	0.0909	4.472135955	1.301029996	0.15045265	-1.645200315	4.091620706	1.223790735	5.196152423	1.431363764	0.301496269	-1.041436117
C2	A	13	0.039855786	20.87044	34	0.0872	3.605551275	1.113943352	0.199639139	-1.399508622	4.568417669	1.319531605	5.830951895	1.531478917	0.295296461	-1.059483515
C2	A	12	0.056969067	15.56639	26	0.1339	3.464101615	1.079181246	0.238681937	-1.244360893	3.945426466	1.192187907	5.099019514	1.414973348	0.365923489	-0.873219423
C2	A	13	0.041520071	16.01185	27	0.1025	3.605551275	1.113943352	0.203764744	-1.381741913	4.001480976	1.204441513	5.196152423	1.431363764	0.320156212	-0.989276135
C2	A	13	0.029922143	18.81694	28	0.0766	3.605551275	1.113943352	0.172980181	-1.524007306	4.337849698	1.274549	5.291502622	1.447158031	0.27676705	-1.11577123
C2	A	12	0.046913067	17.3698	27	0.065	3.464101615	1.079181246	0.216594245	-1.328706174	4.167709203	1.239794818	5.196152423	1.431363764	0.254950976	-1.187086643
C2	A	13	0.033044071	20.73658	28	0.0974	3.605551275	1.113943352	0.181780282	-1.480906453	4.553743515	1.316737132	5.291502622	1.447158031	0.312089731	-1.011441043
C2	A	13	0.054003714	13.9709	26	0.1515	3.605551275	1.113943352	0.232386992	-1.267576371	3.737766713	1.145224384	5.099019514	1.414973348	0.389230009	-0.819587367
C2	A	13	0.032420857	16.5282	26	0.0805	3.605551275	1.113943352	0.180057927	-1.489175509	4.0654889	1.218225559	5.099019514	1.414973348	0.283725219	-1.09420412
C2	A	14	0.037140769	16.74136	27	0.0832	3.741657387	1.146128036	0.192719405	-1.430149108	4.091620706	1.223790735	5.196152423	1.431363764	0.288444102	-1.079876674
C2	A	20	0.018526714	19.68729	28	0.0622	4.472135955	1.301029996	0.136112872	-1.732201603	4.437036173	1.294185939	5.291502622	1.447158031	0.249399278	-1.206209615
C2	A	24	0.012521	26.30166	35	0.0312	4.898979486	1.380211242	0.111897274	-1.902360984	5.128514405	1.419983159	5.916079783	1.544068044	0.176635217	-1.505845406
C2	A	14	0.037400846	23.39715	35	0.0655	3.741657387	1.146128036	0.193392983	-1.427118574	4.837060058	1.369162959	5.916079783	1.544068044	0.255929678	-1.1837587
C2	A	9	0.115042889	13.46523	26	0.1563	3	0.954242509	0.33917973	-0.939140221	3.669499966	1.129213776	5.099019514	1.414973348	0.395347948	-0.806041022
C2	A	12	0.056094467	16.46153	28	0.1332	3.464101615	1.079181246	0.236842705	-1.251079974	4.057281109	1.216470198	5.291502622	1.447158031	0.364965752	-0.875495775
C2	A	14	0.033926538	13.46523	26	0.1343	3.741657387	1.146128036	0.18419158	-1.469460455	3.669499966	1.129213776	5.099019514	1.414973348	0.366469644	-0.871923987
C2	A	20	0.016640857	18.95559	27	0.0664	4.472135955	1.301029996	0.128999446	-1.778824311	4.353801787	1.277737307	5.196152423	1.431363764	0.257681975	-1.177831921
C2	A	21	0.015303	23.58379	35	0.0442	4.582575695	1.322219295	0.123705295	-1.815223422	4.856314446	1.372613599	5.916079783	1.544068044	0.21023796	-1.354577731
C2	A	11	0.0569305	20.48584	35	0.0902	3.31662479	1.041392685	0.238601132	-1.244655002	4.526128589	1.311453776	5.916079783	1.544068044	0.300333148	-1.044793462
C2	A	11	0.063702875	16.92041	26	0.083	3.31662479	1.041392685	0.252394285	-1.195840967	4.113442597	1.228410882	5.099019514	1.414973348	0.288097206	-1.080921908
C2	A	12	0.048380533	13.54928	27	0.122	3.464101615	1.079181246	0.219955752	-1.315329351	3.680934664	1.131916218	5.196152423	1.431363764	0.349284984	-0.913640169
C2	A	17	0.0221301	18.53159	28	0.0843	4.123105626	1.230448921	0.14876189	-1.655016624	4.30483333	1.267912683	5.291502622	1.447158031	0.290344623	-1.074172425
C2	A	9	0.083941722	18.1883	27	0.1322	3	0.954242509	0.289726978	-1.076022126	4.26477432	1.259792109	5.196152423	1.431363764	0.363593179	-0.878768545
C2	A	21	0.009734167	24.18135	35	0.0503	4.582575695	1.322219295	0.098661882	-2.011701207	4.917453609	1.383480543	5.916079783	1.544068044	0.224276615	-1.298432015
C2	A	12	0.060033333	15.84588	26	0.1122	3.464101615	1.079181246	0.245017006	-1.221607544	3.980688383	1.199916363	5.099019514	1.414973348	0.334962684	-0.950007143
C2	A	21	0.014661667	18.35016	27	0.0577	4.582575695	1.322219295	0.121085371	-1.833816649	4.283708674	1.263639855	5.196152423	1.431363764	0.240208243	-1.238824187
C2	A	23	0.01197075	25.48077	34	0.0569	4.795831523	1.361727836	0.109410923	-1.921878639	5.047848056	1.406212548	5.830951895	1.531478917	0.238537209	-1.244887734
C2	G	20	0.024219286	18.88941	28	0.0568	4.472135955	1.301029996	0.155625467	-1.615838664	4.346194887	1.276218393	5.291502622	1.447158031	0.238327506	-1.245651664
C2	G	12	0.051029	17.88923	34	0.1157	3.464101615	1.079181246	0.225895994	-1.292182942	4.229566172	1.252591648	5.830951895	1.531478917	0.340147027	-0.936666641
C2	G	22	0.0092296	24.06396	35	0.0394	4.69041576	1.342422681	0.096070807	-2.03481712	4.905503032	1.381367097	5.916079783	1.544068044	0.198494332	-1.404503778
C2	G	12	0.059775733	16.5282	26	0.1198	3.464101615	1.079181246	0.244490763	-1.22347509	4.0654889	1.218225559	5.099019514	1.414973348	0.346121366	-0.921543182
C2	G	20	0.029667	17.62532	28	0.0882	4.472135955	1.301029996	0.17224111	-1.527726368	4.198252017	1.246137011	5.291502622	1.447158031	0.296984848	-1.054531415
C2	G	21	0.0108435	26.89032	35	0.0324	4.582575695	1.322219295	0.104132128	-1.964830516	5.18558772	1.42959597	5.916079783	1.544068044	0.18	-1.48945499
C2	G	12	0.053261867	16.5282	26	0.0877	3.464101615	1.079181246	0.230785327	-1.273583614	4.0654889	1.218225559	5.099019514	1.414973348	0.296141858	-1.057000407
C2	G	13	0.055362429	14.00042	22	0.1198	3.605551275	1.113943352	0.23529222	-1.256784864	3.741713511	1.146141064	4.69041576	1.342422681	0.346121366	-0.921543182
C2	G	12	0.0822734	12.4887	22	0.1689	3.464101615	1.079181246	0.286833401	-1.084740555	3.533935483	1.096517233	4.69041576	1.342422681	0.410974452	-0.77237035
C2	G	14	0.033032308	13.54928	27	0.1363	3.741657387	1.146128036	0.181747924	-1.481061081	3.680934664	1.131916218	5.196152423	1.431363764	0.369188299	-0.865504144
C2	G	20	0.021733	20.78465	28	0.0614	4.472135955	1.301029996	0.147421165	-1.66288032	4.559018535	1.317742716	5.291502622	1.447158031	0.247790234	-1.211831629
C2	G	16	0.029807727	16.74136	27	0.0721	4	1.204119983	0.172649144	-1.52567114	4.091620706	1.223790735	5.196152423	1.431363764	0.268514432	-1.142064735
C2	G	20	0.019069571	16.74136	27	0.0613	4.472135955	1.301029996	0.138092617	-1.719659077	4.091620706	1.223790735	5.196152423	1.431363764	0.247588368	-1.212539525
C2	G	13	0.048712214	14.81738	26	0.1011	3.605551275	1.113943352	0.220708437	-1.312362131	3.849335008	1.170771419	5.099019514	1.414973348	0.317962262	-0.995248844
C2	G	13	0.062125857	12.32724	22	0.1234	3.605551275	1.113943352	0.249250591	-1.206727607	3.511016947	1.090865851	4.69041576	1.342422681	0.351283361	-0.90868484
C2	G	14	0.064032385	13.9709	26	0.1113	3.741657387	1.146128036	0.253046211	-1.193600322	3.737766713	1.145224384	5.099019514	1.414973348	0.333616546	-0.953504836
C2	G	15	0.032733917	16.54606	26	0.0715	3.872983346	1.176091259	0.18092517	-1.485002023	4.067684845	1.218694595	5.099019514	1.414973348	0.267394839	-1.145693958
C2	G	12	0.056880533	16.74136	27	0.1011	3.464101615	1.079181246	0.2384964	-1.245036343	4.091620706	1.223790735	5.196152423	1.431363764	0.317962262	-0.995248844
C2	G	16	0.027741909	16.34294	27	0.0765	4	1.204119983	0.166559026	-1.556863657	4.042640226	1.213330186	5.196152423	1.431363764	0.276586334	-1.116338565
C2	G	22	0.0085802	25.5182	35	0.0503	4.69041576	1.342422681	0.092629369	-2.066502589	5.051554216	1.406850037	5.916079783	1.544068044	0.224276615	-1.298432015
C2	G	17	0.0229258	18.88941	28	0.0795	4.123105626	1.230448921	0.151412681	-1.639675501	4.346194887	1.276218393	5.291502622	1.447158031	0.281957444	-1.099632871
C2	G	15	0.0315855	18.05296	28	0.081	3.872983346	1.176091259	0.177723099	-1.500512244	4.248877499	1.25654842	5.291502622	1.447158031	0.284604989	-1.091514981
C2	G	13	0.052627214	13.54928	27	0.1203	3.605551275	1.113943352	0.22940622	-1.27878962	3.680934664	1.131916218	5.196152423	1.431363764	0.346842904	-0.919734373
C2	G	20	0.010492	21.11885	28	0.0493	4.472135955	1.301029996	0.102430464	-1.979141718	4.595524997	1.324670266	5.291502622	1.447158031	0.222036033	-1.307153081
C2	G	14	0.035551769	16.92041	26	0.103	3.741657387	1.146128036	0.188551767	-1.449138785	4.113442597	1.228410882	5.099019514	1.414973348	0.320936131	-0.987162775
C2	G	11	0.070006813	16.92041	26	0.0879	3.31662479	1.041392685	0.264588006	-1.154859693	4.113442597	1.228410882	5.099019514	1.414973348	0.296479342	-1.056011125
C2	G	11	0.086124813	14.51066	27	0.1673	3.31662479	1.041392685	0.293470293	-1.064871708	3.809286022	1.161687166	5.196152423	1.431363764	0.409023227	-0.776504059
C2	G	12	0.064081467	13.9709	26	0.1273	3.464101615	1.079181246	0.253143175	-1.193267555	3.737766713	1.145224384	5.099019514	1.414973348	0.356791255	-0.895171596
C2	G	22	0.015568	21.37658	34	0.0422	4.69041576	1.342422681	0.124771792	-1.807767177	4.623481372	1.329938224	5.830951895	1.531478917	0.205426386	-1.374687549
C2	G	14	0.0609905	16.34294	27	0.1211	3.741657387	1.146128036	0.246962548	-1.214737806	4.042640226	1.213330186	5.196152423	1.431363764	0.347994253	-0.916855857
C2	G	15	0.0279045	18.08773	28	0.1052	3.872983346	1.176091259	0.167046401	-1.554325755	4.252967199	1.257384067	5.291502622	1.447158031	0.324345495	-0.97798426
C2	G	20	0.017332286	20.73394	28	0.0814	4.472135955	1.301029996	0.13165214	-1.761144153	4.553453634	1.316681837	5.291502622	1.447158031	0.285306852	-1.089375595
C2	G	14	0.031667462	17.3698	27	0.0513	3.741657387	1.146128036	0.177953539	-1.499386742	4.167709203	1.239794818	5.196152423	1.431363764	0.226495033	-1.289882635
C2	G	20	0.022164286	18.05296	28	0.0569	4.472135955	1.301029996	0.148876748	-1.654346254	4.248877499	1.25654842	5.291502622	1.447158031	0.238537209	-1.244887734
C2	G	23	0.012145	20.81985	34	0.0512	4.795831523	1.361727836	0.110204356	-1.915602481	4.562877382	1.318477596	5.830951895	1.531478917	0.22627417	-1.290730039
C2	G	11	0.052282563	13.9709	26	0.1486	3.31662479	1.041392685	0.228653806	-1.281643131	3.737766713	1.145224384	5.099019514	1.414973348	0.385486705	-0.827981191
C2	G	20	0.013201	20.11827	34	0.0647	4.472135955	1.301029996	0.114895605	-1.879393169	4.485339452	1.303590632	5.830951895	1.531478917	0.254361947	-1.189095719
C2	G	14	0.038957692	16.74136	27	0.1016	3.741657387	1.146128036	0.19737703	-1.40940678	4.091620706	1.223790735	5.196152423	1.431363764	0.318747549	-0.993106292
C2	G	15	0.033476917	16.74136	27	0.089	3.872983346	1.176091259	0.182966983	-1.475254544	4.091620706	1.223790735	5.196152423	1.431363764	0.298328678	-1.050609993
C2	G	20	0.022310143	20.73658	28	0.0777	4.472135955	1.301029996	0.149365803	-1.651497646	4.553743515	1.316737132	5.291502622	1.447158031	0.278747197	-1.109578981
C2	G	12	0.053057533	13.54928	27	0.1122	3.464101615	1.079181246	0.230342208	-1.275252947	3.680934664	1.131916218	5.196152423	1.431363764	0.334962684	-0.950007143
C2	G	11	0.079709563	20.7885	28	0.1019	3.31662479	1.041392685	0.282328821	-1.098489572	4.559440755	1.317823154	5.291502622	1.447158031	0.319217794	-0.991825816
C2	G	20	0.012499571	20.48584	35	0.0497	4.472135955	1.301029996	0.11180148	-1.903104892	4.526128589	1.311453776	5.916079783	1.544068044	0.222934968	-1.303643611
C2	G	9	0.096642889	13.09231	22	0.1216	3	0.954242509	0.310874394	-1.014830096	3.618329725	1.11701628	4.69041576	1.342422681	0.348711915	-0.915066425
C2	G	24	0.011253	20.81985	34	0.0365	4.898979486	1.380211242	0.106080158	-1.948731681	4.562877382	1.318477596	5.830951895	1.531478917	0.191049732	-1.437707136
C2	G	21	0.011589167	19.53697	27	0.0525	4.582575695	1.322219295	0.107652993	-1.935947779	4.420064479	1.29085721	5.196152423	1.431363764	0.229128785	-1.279840697
C2	G	15	0.042638667	13.9709	26	0.1145	3.872983346	1.176091259	0.206491324	-1.370196381	3.737766713	1.145224384	5.099019514	1.414973348	0.338378486	-0.941194513
C2	G	12	0.050095667	13.9709	26	0.1222	3.464101615	1.079181246	0.223820613	-1.300199837	3.737766713	1.145224384	5.099019514	1.414973348	0.349571166	-0.912928794
