unit	cone	cross	drought_b	survival_time	biomass	log_surv	sqrt_surv	log_biomass	sqrt_biomass
A1	NA	A	15.32586	27	0.103	1.431363764	5.196152423	-0.987162775	0.320936131
A1	NA	A	23.39715	35	0.0572	1.544068044	5.916079783	-1.242603971	0.239165215
A1	NA	A	15.59117	27	0.0858	1.431363764	5.196152423	-1.066512712	0.29291637
A1	NA	A	24.23828	34	0.1036	1.531478917	5.830951895	-0.984640245	0.321869539
A1	NA	A	21.97063	34	0.0323	1.531478917	5.830951895	-1.490797478	0.179722008
A1	NA	A	15.32586	27	0.1118	1.431363764	5.196152423	-0.951558196	0.33436507
A1	NA	A	11.68904	27	0.1986	1.431363764	5.196152423	-0.702020756	0.445645599
A1	NA	A	11.18782	21	0.1769	1.322219295	4.582575695	-0.752272167	0.420594817
A1	NA	A	14.98399	28	0.0728	1.447158031	5.291502622	-1.137868621	0.269814751
A1	NA	A	25.35146	34	0.0655	1.531478917	5.830951895	-1.1837587	0.255929678
A1	NA	A	15.32586	27	0.146	1.431363764	5.196152423	-0.835647144	0.382099463
A1	NA	A	16.46153	28	0.0949	1.447158031	5.291502622	-1.022733788	0.308058436
A1	NA	A	33.24286	35	0.011	1.544068044	5.916079783	-1.958607315	0.104880885
A1	NA	A	13.21372	21	0.0861	1.322219295	4.582575695	-1.064996849	0.293428015
A1	NA	A	13.97538	21	0.0968	1.322219295	4.582575695	-1.014124643	0.311126984
A1	NA	A	12.60872	22	0.1548	1.342422681	4.69041576	-0.810229044	0.393446311
A1	NA	A	12.4887	22	0.1559	1.342422681	4.69041576	-0.807153885	0.39484174
A1	NA	A	18.577	28	0.0489	1.447158031	5.291502622	-1.310691141	0.221133444
A1	NA	A	10.43747	27	0.1967	1.431363764	5.196152423	-0.70619564	0.443508737
A1	NA	A	16.01185	27	0.0965	1.431363764	5.196152423	-1.015472687	0.310644491
A1	NA	A	13.21372	21	0.0903	1.322219295	4.582575695	-1.04431225	0.300499584
A1	NA	A	NA	NA	NA	NA	NA	NA	NA
A1	NA	A	25.16965	35	0.0392	1.544068044	5.916079783	-1.406713933	0.197989899
A1	NA	A	14.12404	27	0.1817	1.431363764	5.196152423	-0.740645073	0.42626283
A1	NA	A	17.88923	34	0.0651	1.531478917	5.830951895	-1.186419011	0.255147016
A1	NA	A	12.60872	21	0.1004	1.322219295	4.582575695	-0.998266287	0.31685959
A1	NA	A	16.48412	27	0.0907	1.431363764	5.196152423	-1.042392713	0.301164407
A1	NA	A	12.07882	27	0.166	1.431363764	5.196152423	-0.779891912	0.407430976
A1	NA	A	12.60872	21	0.1159	1.322219295	4.582575695	-0.935916564	0.340440891
A1	NA	A	15.68337	28	0.0742	1.447158031	5.291502622	-1.129596095	0.272396769
A1	NA	A	17.16875	27	0.0696	1.431363764	5.196152423	-1.15739076	0.263818119
A1	NA	A	16.86905	29	0.0936	1.462397998	5.385164807	-1.028724151	0.305941171
A1	NA	A	14.21951	30	0.0992	1.477121255	5.477225575	-1.003488328	0.314960315
A1	NA	A	13.97538	21	0.0999	1.322219295	4.582575695	-1.000434512	0.316069613
A1	NA	A	16.12118	27	0.1468	1.431363764	5.196152423	-0.833273944	0.383144881
A1	NA	A	16.64906	28	0.1713	1.447158031	5.291502622	-0.766242637	0.413884042
A1	NA	A	25.16965	35	0.0466	1.544068044	5.916079783	-1.331614083	0.215870331
A1	NA	A	17.5501	28	0.0595	1.447158031	5.291502622	-1.225483034	0.243926218
A1	NA	A	16.01185	27	0.1011	1.431363764	5.196152423	-0.995248844	0.317962262
A1	NA	A	25.48077	34	0.0327	1.531478917	5.830951895	-1.485452247	0.180831413
A1	NA	A	18.55911	34	0.0531	1.531478917	5.830951895	-1.274905479	0.230434372
A1	NA	A	16.48412	27	0.0796	1.431363764	5.196152423	-1.099086932	0.28213472
A1	NA	A	NA	NA	NA	NA	NA	NA	NA
A1	NA	A	18.80792	28	0.0603	1.447158031	5.291502622	-1.219682688	0.245560583
A1	NA	A	25.66718	35	0.0306	1.544068044	5.916079783	-1.514278574	0.174928557
A1	NA	A	21.97063	34	0.0364	1.531478917	5.830951895	-1.438898616	0.19078784
A1	NA	A	17.22751	28	0.0665	1.447158031	5.291502622	-1.177178355	0.257875939
A1	NA	A	18.80792	28	0.0707	1.447158031	5.291502622	-1.150580586	0.265894716
A1	NA	G	19.02965	28	0.0395	1.447158031	5.291502622	-1.403402904	0.198746069
A1	NA	G	18.05296	28	0.0498	1.447158031	5.291502622	-1.302770657	0.223159136
A1	NA	G	14.00042	22	0.1299	1.342422681	4.69041576	-0.886390849	0.360416426
A1	NA	G	14.98399	28	0.1381	1.447158031	5.291502622	-0.859806321	0.371618084
A1	NA	G	15.86659	27	0.1296	1.431363764	5.196152423	-0.887394998	0.36
A1	NA	G	17.62532	28	0.125	1.447158031	5.291502622	-0.903089987	0.353553391
A1	NA	G	16.91647	28	0.0716	1.447158031	5.291502622	-1.145086978	0.267581763
A1	NA	G	17.62895	27	0.0733	1.431363764	5.196152423	-1.134896025	0.270739727
A1	NA	G	10.40041	22	0.2158	1.342422681	4.69041576	-0.66594856	0.464542786
A1	NA	G	11.94112	27	0.1878	1.431363764	5.196152423	-0.726304412	0.433358974
A1	NA	G	12.56593	21	0.1398	1.322219295	4.582575695	-0.854492829	0.373898382
A1	NA	G	25.16965	35	0.0474	1.544068044	5.916079783	-1.324221658	0.217715411
A1	NA	G	10.44282	21	0.1823	1.322219295	4.582575695	-0.739213331	0.426966041
A1	NA	G	21.80454	34	0.0432	1.531478917	5.830951895	-1.364516253	0.207846097
A1	NA	G	15.32586	27	0.1077	1.431363764	5.196152423	-0.967784297	0.328176782
A1	NA	G	13.30515	28	0.1329	1.447158031	5.291502622	-0.876475019	0.364554523
A1	NA	G	18.21907	30	0.0959	1.477121255	5.477225575	-1.018181393	0.309677251
A1	NA	G	14.98399	28	0.0712	1.447158031	5.291502622	-1.147520006	0.266833281
A1	NA	G	12.09228	21	0.189	1.322219295	4.582575695	-0.723538196	0.434741302
A1	NA	G	17.62532	28	0.074	1.447158031	5.291502622	-1.13076828	0.27202941
A1	NA	G	10.96408	18	0.1482	1.255272505	4.242640687	-0.829151796	0.384967531
A1	NA	G	26.55649	35	0.065	1.544068044	5.916079783	-1.187086643	0.254950976
A1	NA	G	14.04272	21	0.0791	1.322219295	4.582575695	-1.101823517	0.281247222
A1	NA	G	16.23908	29	0.1058	1.462397998	5.385164807	-0.975514332	0.325269119
A1	NA	G	20.9497	28	0.0596	1.447158031	5.291502622	-1.22475374	0.244131112
A1	NA	G	18.82126	34	0.0613	1.531478917	5.830951895	-1.212539525	0.247588368
A1	NA	G	12.60872	21	0.1509	1.322219295	4.582575695	-0.82131076	0.388458492
A1	NA	G	12.12091	26	0.1847	1.414973348	5.099019514	-0.733533105	0.429767379
A1	NA	G	22.37317	28	0.0318	1.447158031	5.291502622	-1.49757288	0.178325545
A1	NA	G	12.02788	26	0.1608	1.414973348	5.099019514	-0.793713956	0.400998753
A1	NA	G	13.30515	28	0.1645	1.447158031	5.291502622	-0.783834098	0.405585996
A1	NA	G	10.44282	21	0.188	1.322219295	4.582575695	-0.725842151	0.433589668
A1	NA	G	16.01185	27	0.0852	1.431363764	5.196152423	-1.069560405	0.29189039
A1	NA	G	18.81694	28	0.055	1.447158031	5.291502622	-1.259637311	0.234520788
A1	NA	G	17.76972	28	0.0748	1.447158031	5.291502622	-1.126098402	0.273495887
A1	NA	G	10.40582	20	0.2503	1.301029996	4.472135955	-0.60153915	0.50029991
A1	NA	G	11.15134	20	0.1495	1.301029996	4.472135955	-0.825358807	0.386652299
A1	NA	G	14.98399	28	0.1101	1.447158031	5.291502622	-0.958212681	0.3318132
A1	NA	G	11.05015	22	0.1545	1.342422681	4.69041576	-0.811071516	0.39306488
A1	NA	G	16.47291	21	0.0647	1.322219295	4.582575695	-1.189095719	0.254361947
A1	NA	G	12.60872	21	0.1209	1.322219295	4.582575695	-0.917573699	0.347706773
A1	NA	G	13.21372	21	0.1222	1.322219295	4.582575695	-0.912928794	0.349571166
A1	NA	G	15.27499	21	0.0916	1.322219295	4.582575695	-1.038104526	0.302654919
A1	NA	G	13.97538	21	0.079	1.322219295	4.582575695	-1.102372909	0.281069386
A1	NA	G	16.10292	29	0.0795	1.462397998	5.385164807	-1.099632871	0.281957444
A1	NA	G	13.21372	21	0.0957	1.322219295	4.582575695	-1.019088062	0.309354166
A1	NA	G	15.21639	21	0.0749	1.322219295	4.582575695	-1.125518182	0.273678644
A1	NA	G	12.60872	21	0.0954	1.322219295	4.582575695	-1.020451625	0.308868904
A2	NA	A	NA	NA	NA	NA	NA	NA	NA
A2	NA	A	18.80792	28	0.0896	1.447158031	5.291502622	-1.04769199	0.299332591
A2	NA	A	18.80792	28	0.0717	1.447158031	5.291502622	-1.144480844	0.267768557
A2	NA	A	15.78282	28	0.1394	1.447158031	5.291502622	-0.855737226	0.373363094
A2	NA	A	26.87942	34	0.0188	1.531478917	5.830951895	-1.725842151	0.137113092
A2	NA	A	13.30515	28	0.2415	1.447158031	5.291502622	-0.617082865	0.491426495
A2	NA	A	18.81694	28	0.051	1.447158031	5.291502622	-1.292429824	0.225831796
A2	NA	A	16.46153	28	0.1116	1.447158031	5.291502622	-0.952335805	0.334065862
A2	NA	A	20.75335	35	0.0076	1.544068044	5.916079783	-2.119186408	0.087177979
A2	NA	A	14.98399	28	0.1663	1.447158031	5.291502622	-0.779107751	0.40779897
A2	NA	A	13.97538	21	0.1082	1.322219295	4.582575695	-0.965772739	0.328937684
A2	NA	A	13.30515	28	0.153	1.447158031	5.291502622	-0.815308569	0.391152144
A2	NA	A	15.56639	26	0.1234	1.414973348	5.099019514	-0.90868484	0.351283361
A2	NA	A	22.19074	28	0.0479	1.447158031	5.291502622	-1.319664487	0.218860686
A2	NA	A	19.02965	28	0.093	1.447158031	5.291502622	-1.031517051	0.304959014
A2	NA	A	21.21607	28	0.0657	1.447158031	5.291502622	-1.18243463	0.256320112
A2	NA	A	21.97063	34	0.0389	1.531478917	5.830951895	-1.410050399	0.197230829
A2	NA	A	13.09231	22	0.1302	1.342422681	4.69041576	-0.885389016	0.360832371
A2	NA	A	19.73097	28	0.1664	1.447158031	5.291502622	-0.778846678	0.407921561
A2	NA	A	23.33032	34	0.0492	1.531478917	5.830951895	-1.308034897	0.22181073
A2	NA	A	25.48077	34	0.0324	1.531478917	5.830951895	-1.48945499	0.18
A2	NA	A	13.9599	22	0.1286	1.342422681	4.69041576	-0.890759031	0.358608422
A2	NA	A	15.24598	28	0.1117	1.447158031	5.291502622	-0.951946827	0.334215499
A2	NA	A	19.5815	28	0.1912	1.447158031	5.291502622	-0.718512112	0.437264222
A2	NA	A	18.05296	28	0.071	1.447158031	5.291502622	-1.148741651	0.266458252
A2	NA	A	25.48077	34	0.0282	1.531478917	5.830951895	-1.549750892	0.167928556
A2	NA	A	19.33143	35	0.0691	1.544068044	5.916079783	-1.160521953	0.262868789
A2	NA	A	21.26221	34	0.0589	1.531478917	5.830951895	-1.229884705	0.242693222
A2	NA	A	13.97538	21	0.086	1.322219295	4.582575695	-1.065501549	0.293257566
A2	NA	A	23.58379	35	0.0503	1.544068044	5.916079783	-1.298432015	0.224276615
A2	NA	A	18.80792	28	0.0766	1.447158031	5.291502622	-1.11577123	0.27676705
A2	NA	A	13.21372	21	0.1325	1.322219295	4.582575695	-0.877784122	0.364005494
A2	NA	A	16.04144	28	0.0822	1.447158031	5.291502622	-1.085128182	0.286705424
A2	NA	A	21.97063	34	0.0475	1.531478917	5.830951895	-1.32330639	0.217944947
A2	NA	A	18.95559	27	0.0538	1.431363764	5.196152423	-1.269217724	0.23194827
A2	NA	A	19.02965	28	0.0685	1.447158031	5.291502622	-1.164309429	0.261725047
A2	NA	A	11.20257	28	0.2022	1.447158031	5.291502622	-0.694218849	0.449666543
A2	NA	A	15.68337	28	0.0833	1.447158031	5.291502622	-1.079354999	0.288617394
A2	NA	A	17.22751	28	0.1045	1.447158031	5.291502622	-0.98088371	0.323264598
A2	NA	A	13.54928	27	0.1903	1.431363764	5.196152423	-0.720561212	0.436233882
A2	NA	A	16.31069	28	0.0843	1.447158031	5.291502622	-1.074172425	0.290344623
A2	NA	A	18.80792	28	0.0728	1.447158031	5.291502622	-1.137868621	0.269814751
A2	NA	A	20.32236	34	0.0722	1.531478917	5.830951895	-1.141462802	0.268700577
A2	NA	A	NA	NA	NA	NA	NA	NA	NA
A2	NA	A	NA	NA	NA	NA	NA	NA	NA
A2	NA	A	16.91647	28	0.0522	1.447158031	5.291502622	-1.282329497	0.228473193
A2	NA	A	21.32111	28	0.0666	1.447158031	5.291502622	-1.176525771	0.258069758
A2	NA	A	13.21372	21	0.1121	1.322219295	4.582575695	-0.950394387	0.334813381
A2	NA	G	10.44282	21	0.1831	1.322219295	4.582575695	-0.737311656	0.427901858
A2	NA	G	15.56585	35	0.0968	1.544068044	5.916079783	-1.014124643	0.311126984
A2	NA	G	15.84588	26	0.1461	1.414973348	5.099019514	-0.835349784	0.382230297
A2	NA	G	24.41446	34	0.0615	1.531478917	5.830951895	-1.211124884	0.247991935
A2	NA	G	NA	NA	NA	NA	NA	NA	NA
A2	NA	G	22.40026	34	0.1165	1.531478917	5.830951895	-0.933674075	0.341320963
A2	NA	G	19.31801	28	0.056	1.447158031	5.291502622	-1.251811973	0.236643191
A2	NA	G	12.09228	21	0.237	1.322219295	4.582575695	-0.625251654	0.486826458
A2	NA	G	16.19307	28	0.0766	1.447158031	5.291502622	-1.11577123	0.27676705
A2	NA	G	21.32111	28	0.0935	1.447158031	5.291502622	-1.029188389	0.305777697
A2	NA	G	25.48077	34	0.0533	1.531478917	5.830951895	-1.273272791	0.230867928
A2	NA	G	18.80792	28	0.143	1.447158031	5.291502622	-0.844663963	0.378153408
A2	NA	G	21.80454	34	0.0843	1.531478917	5.830951895	-1.074172425	0.290344623
A2	NA	G	12.60872	21	0.1565	1.322219295	4.582575695	-0.805485658	0.395600809
A2	NA	G	18.05296	28	0.0613	1.447158031	5.291502622	-1.212539525	0.247588368
A2	NA	G	20.73658	28	0.0534	1.447158031	5.291502622	-1.272458743	0.2310844
A2	NA	G	18.80792	28	0.0839	1.447158031	5.291502622	-1.076238039	0.289654967
A2	NA	G	18.80792	28	0.0787	1.447158031	5.291502622	-1.104025268	0.280535203
A2	NA	G	22.19074	28	0.0519	1.447158031	5.291502622	-1.284832642	0.227815715
A2	NA	G	18.80792	28	0.0953	1.447158031	5.291502622	-1.020907099	0.308706981
A2	NA	G	12.16764	28	0.2063	1.447158031	5.291502622	-0.685500772	0.454202598
A2	NA	G	17.22751	28	0.1047	1.447158031	5.291502622	-0.980053318	0.323573794
A2	NA	G	30.96015	35	0.0293	1.544068044	5.916079783	-1.53313238	0.171172428
A2	NA	G	16.74136	27	0.0668	1.431363764	5.196152423	-1.175223538	0.25845696
A2	NA	G	18.88941	28	0.0478	1.447158031	5.291502622	-1.320572103	0.218632111
A2	NA	G	18.43308	28	0.0987	1.447158031	5.291502622	-1.005682847	0.314165561
A2	NA	G	16.01185	27	0.0627	1.431363764	5.196152423	-1.202732459	0.250399681
A2	NA	G	15.24598	28	0.0875	1.447158031	5.291502622	-1.057991947	0.295803989
A2	NA	G	13.54928	27	0.0865	1.431363764	5.196152423	-1.062983893	0.294108823
A2	NA	G	13.9709	26	0.1083	1.414973348	5.099019514	-0.965371543	0.329089653
A2	NA	G	15.59159	21	0.087	1.322219295	4.582575695	-1.060480747	0.294957624
A2	NA	G	15.68337	28	0.0815	1.447158031	5.291502622	-1.088842391	0.285482048
A2	NA	G	13.97538	21	0.0993	1.322219295	4.582575695	-1.003050752	0.315119025
A2	NA	G	18.05296	28	0.049	1.447158031	5.291502622	-1.30980392	0.221359436
A2	NA	G	19.68729	28	0.0673	1.447158031	5.291502622	-1.171984936	0.259422435
A2	NA	G	23.21065	29	0.0323	1.462397998	5.385164807	-1.490797478	0.179722008
A2	NA	G	18.577	29	0.0881	1.462397998	5.385164807	-1.055024092	0.296816442
A2	NA	G	15.24598	28	0.1109	1.447158031	5.291502622	-0.955068454	0.333016516
A2	NA	G	12.20349	26	0.218	1.414973348	5.099019514	-0.661543506	0.466904701
A2	NA	G	22.51872	28	0.0454	1.447158031	5.291502622	-1.342944147	0.213072758
A2	NA	G	17.62532	28	0.1118	1.447158031	5.291502622	-0.951558196	0.33436507
A2	NA	G	16.01352	21	0.071	1.322219295	4.582575695	-1.148741651	0.266458252
A2	NA	G	NA	NA	NA	NA	NA	NA	NA
A2	NA	G	15.37189	21	0.0683	1.322219295	4.582575695	-1.165579296	0.261342687
A2	NA	G	15.24598	28	0.1312	1.447158031	5.291502622	-0.882066165	0.362215406
A2	NA	G	13.54928	27	0.1199	1.431363764	5.196152423	-0.921180817	0.346265794
A2	NA	G	18.81694	28	0.0483	1.447158031	5.291502622	-1.316052869	0.21977261
A2	NA	G	17.62895	27	0.055	1.431363764	5.196152423	-1.259637311	0.234520788
C1	NA	A	21.21607	28	0.1039	1.447158031	5.291502622	-0.983384452	0.322335229
C1	NA	A	16.91647	28	0.0861	1.447158031	5.291502622	-1.064996849	0.293428015
C1	NA	A	18.35016	27	0.052	1.431363764	5.196152423	-1.283996656	0.228035085
C1	NA	A	18.81694	28	0.0548	1.447158031	5.291502622	-1.261219442	0.234093998
C1	NA	A	18.23478	27	0.0884	1.431363764	5.196152423	-1.053547735	0.297321375
C1	NA	A	18.15253	28	0.0675	1.447158031	5.291502622	-1.170696227	0.259807621
C1	NA	A	14.44035	27	0.0977	1.431363764	5.196152423	-1.010105436	0.312569992
C1	NA	A	16.04144	28	0.1268	1.447158031	5.291502622	-0.896880746	0.356089876
C1	NA	A	16.91647	28	0.0562	1.447158031	5.291502622	-1.250263684	0.237065392
C1	NA	A	16.74136	27	0.0695	1.431363764	5.196152423	-1.158015195	0.263628527
C1	NA	A	24.69079	34	0.0534	1.531478917	5.830951895	-1.272458743	0.2310844
C1	NA	A	26.87942	34	0.0263	1.531478917	5.830951895	-1.580044252	0.162172747
C1	NA	A	14.81738	26	0.0716	1.414973348	5.099019514	-1.145086978	0.267581763
C1	NA	A	17.16875	27	0.0707	1.431363764	5.196152423	-1.150580586	0.265894716
C1	NA	A	21.11885	28	0.0577	1.447158031	5.291502622	-1.238824187	0.240208243
C1	NA	A	27.70424	35	0.0273	1.544068044	5.916079783	-1.563837353	0.165227116
C1	NA	A	19.38889	28	0.0605	1.447158031	5.291502622	-1.218244625	0.245967478
C1	NA	A	18.55769	29	0.0487	1.462397998	5.385164807	-1.312471039	0.220680765
C1	NA	A	17.3698	27	0.0571	1.431363764	5.196152423	-1.243363892	0.238956063
C1	NA	A	21.97063	34	0.0353	1.531478917	5.830951895	-1.452225295	0.187882942
C1	NA	A	16.5282	26	0.0905	1.414973348	5.099019514	-1.043351421	0.300832179
C1	NA	A	27.76166	35	0.038	1.544068044	5.916079783	-1.420216403	0.194935887
C1	NA	A	19.13509	35	0.1072	1.544068044	5.916079783	-0.969805215	0.327414111
C1	NA	A	21.97063	34	0.044	1.531478917	5.830951895	-1.356547324	0.20976177
C1	NA	A	20.7885	28	0.0617	1.447158031	5.291502622	-1.209714836	0.248394847
C1	NA	A	21.97063	34	0.0354	1.531478917	5.830951895	-1.450996738	0.188148877
C1	NA	A	17.44435	35	0.0985	1.544068044	5.916079783	-1.00656377	0.313847097
C1	NA	A	19.67599	28	0.0655	1.447158031	5.291502622	-1.1837587	0.255929678
C1	NA	A	18.88941	28	0.0935	1.447158031	5.291502622	-1.029188389	0.305777697
C1	NA	A	18.47938	26	0.0507	1.414973348	5.099019514	-1.294992041	0.225166605
C1	NA	A	18.35016	27	0.0632	1.431363764	5.196152423	-1.199282922	0.251396102
C1	NA	A	16.5282	26	0.1041	1.414973348	5.099019514	-0.98254927	0.322645316
C1	NA	A	16.34294	27	0.0836	1.431363764	5.196152423	-1.077793723	0.289136646
C1	NA	A	18.88941	28	0.0455	1.447158031	5.291502622	-1.341988603	0.21330729
C1	NA	A	18.95559	27	0.0475	1.431363764	5.196152423	-1.32330639	0.217944947
C1	NA	A	19.02965	28	0.057	1.447158031	5.291502622	-1.244125144	0.238746728
C1	NA	A	16.76904	28	0.0577	1.447158031	5.291502622	-1.238824187	0.240208243
C1	NA	A	15.84588	26	0.1138	1.414973348	5.099019514	-0.943857738	0.337342556
C1	NA	A	16.91647	28	0.0679	1.447158031	5.291502622	-1.168130226	0.260576284
C1	NA	A	25.09992	27	0.0343	1.431363764	5.196152423	-1.46470588	0.185202592
C1	NA	A	16.84993	28	0.0622	1.447158031	5.291502622	-1.206209615	0.249399278
C1	NA	A	21.97063	34	0.0279	1.531478917	5.830951895	-1.554395797	0.167032931
C1	NA	A	11.95493	27	0.1529	1.431363764	5.196152423	-0.815592515	0.391024296
C1	NA	A	20.73394	28	0.1283	1.447158031	5.291502622	-0.891773344	0.358189894
C1	NA	A	17.5501	28	0.0989	1.447158031	5.291502622	-1.004803708	0.314483704
C1	NA	A	12.4887	22	0.09	1.342422681	4.69041576	-1.045757491	0.3
C1	NA	A	18.35016	28	0.0539	1.447158031	5.291502622	-1.268411235	0.232163735
C1	NA	A	17.16875	27	0.0528	1.431363764	5.196152423	-1.277366077	0.229782506
C1	NA	G	16.74136	27	0.0545	1.431363764	5.196152423	-1.263603498	0.233452351
C1	NA	G	15.84588	27	0.0895	1.431363764	5.196152423	-1.048176965	0.299165506
C1	NA	G	16.25556	26	0.085	1.414973348	5.099019514	-1.070581074	0.291547595
C1	NA	G	15.59117	27	0.0915	1.431363764	5.196152423	-1.038578906	0.302489669
C1	NA	G	16.19307	28	0.0483	1.447158031	5.291502622	-1.316052869	0.21977261
C1	NA	G	16.5282	26	0.0689	1.414973348	5.099019514	-1.161780778	0.262488095
C1	NA	G	18.15253	28	0.0499	1.447158031	5.291502622	-1.301899454	0.223383079
C1	NA	G	13.21372	21	0.0764	1.322219295	4.582575695	-1.116906641	0.276405499
C1	NA	G	15.68337	28	0.0775	1.447158031	5.291502622	-1.110698297	0.278388218
C1	NA	G	12.20349	26	0.1175	1.414973348	5.099019514	-0.929962133	0.34278273
C1	NA	G	25.48077	34	0.03	1.531478917	5.830951895	-1.522878745	0.173205081
C1	NA	G	18.15253	28	0.0514	1.447158031	5.291502622	-1.289036881	0.226715681
C1	NA	G	21.97063	34	0.0485	1.531478917	5.830951895	-1.314258261	0.220227155
C1	NA	G	18.80792	28	0.1143	1.447158031	5.291502622	-0.94195377	0.33808283
C1	NA	G	17.44435	27	0.0684	1.431363764	5.196152423	-1.164943898	0.261533937
C1	NA	G	17.73461	26	0.085	1.414973348	5.099019514	-1.070581074	0.291547595
C1	NA	G	18.95559	27	0.0537	1.431363764	5.196152423	-1.270025714	0.231732605
C1	NA	G	16.34294	27	0.111	1.431363764	5.196152423	-0.954677021	0.333166625
C1	NA	G	21.17999	29	0.0354	1.462397998	5.385164807	-1.450996738	0.188148877
C1	NA	G	18.64242	26	0.0824	1.414973348	5.099019514	-1.084072788	0.287054002
C1	NA	G	NA	NA	NA	NA	NA	NA	NA
C1	NA	G	17.62895	27	0.0582	1.431363764	5.196152423	-1.235077015	0.241246762
C1	NA	G	16.74136	27	0.0934	1.431363764	5.196152423	-1.029653124	0.305614136
C1	NA	G	16.34294	27	0.1029	1.431363764	5.196152423	-0.987584625	0.320780299
C1	NA	G	16.74136	27	0.0655	1.431363764	5.196152423	-1.1837587	0.255929678
C1	NA	G	18.81694	28	0.045	1.447158031	5.291502622	-1.346787486	0.212132034
C1	NA	G	16.01185	27	0.0859	1.431363764	5.196152423	-1.066006836	0.293087018
C1	NA	G	18.81694	28	0.0851	1.447158031	5.291502622	-1.07007044	0.291719043
C1	NA	G	21.97063	34	0.0462	1.531478917	5.830951895	-1.335358024	0.214941853
C1	NA	G	NA	NA	NA	NA	NA	NA	NA
C1	NA	G	14.00042	22	0.0063	1.342422681	4.69041576	-2.200659451	0.079372539
C1	NA	G	13.9709	26	0.1074	1.414973348	5.099019514	-0.968995719	0.327719392
C1	NA	G	19.02965	28	0.0543	1.447158031	5.291502622	-1.26520017	0.233023604
C1	NA	G	18.4965	27	0.0617	1.431363764	5.196152423	-1.209714836	0.248394847
C1	NA	G	16.34294	27	0.1062	1.431363764	5.196152423	-0.973875483	0.325883415
C1	NA	G	16.92041	26	0.0704	1.414973348	5.099019514	-1.152427341	0.265329983
C1	NA	G	16.46153	28	0.0961	1.447158031	5.291502622	-1.017276612	0.31
C1	NA	G	16.46153	28	0.0771	1.447158031	5.291502622	-1.112945622	0.277668868
C1	NA	G	15.59939	27	0.1148	1.431363764	5.196152423	-0.940058112	0.338821487
C1	NA	G	15.84588	26	0.0798	1.414973348	5.099019514	-1.097997109	0.282488938
C1	NA	G	16.92041	26	0.1003	1.414973348	5.099019514	-0.998699067	0.316701752
C1	NA	G	20.81985	34	0.0584	1.531478917	5.830951895	-1.233587153	0.241660919
C1	NA	G	17.44435	27	0.0661	1.431363764	5.196152423	-1.179798541	0.257099203
C1	NA	G	15.78282	28	0.1257	1.447158031	5.291502622	-0.900664722	0.354541958
C1	NA	G	20.73394	28	0.089	1.447158031	5.291502622	-1.050609993	0.298328678
C1	NA	G	12.20349	26	0.1503	1.414973348	5.099019514	-0.823041019	0.387685439
C1	NA	G	NA	NA	NA	NA	NA	NA	NA
C1	NA	G	18.17498	26	0.1011	1.414973348	5.099019514	-0.995248844	0.317962262
C2	NA	A	16.34294	27	0.1536	1.431363764	5.196152423	-0.813608784	0.391918359
C2	NA	A	20.73394	28	0.0855	1.447158031	5.291502622	-1.068033885	0.29240383
C2	NA	A	22.19074	28	0.0387	1.447158031	5.291502622	-1.412289035	0.196723156
C2	NA	A	16.74136	27	0.0866	1.431363764	5.196152423	-1.062482108	0.294278779
C2	NA	A	16.74136	27	0.1254	1.431363764	5.196152423	-0.901702464	0.354118624
C2	NA	A	15.56639	26	0.1087	1.414973348	5.099019514	-0.963770456	0.32969683
C2	NA	A	23.82041	34	0.0776	1.531478917	5.830951895	-1.110138279	0.278567766
C2	NA	A	NA	NA	NA	NA	NA	NA	NA
C2	NA	A	16.74136	27	0.1549	1.431363764	5.196152423	-0.809948582	0.393573373
C2	NA	A	22.4262	28	0.0511	1.447158031	5.291502622	-1.2915791	0.226053091
C2	NA	A	17.79222	28	0.1095	1.447158031	5.291502622	-0.960585881	0.330907842
C2	NA	A	21.97063	34	0.0599	1.531478917	5.830951895	-1.222573178	0.244744765
C2	NA	A	19.82814	34	0.0599	1.531478917	5.830951895	-1.222573178	0.244744765
C2	NA	A	16.34294	27	0.0727	1.431363764	5.196152423	-1.138465589	0.269629375
C2	NA	A	20.11827	34	0.058	1.531478917	5.830951895	-1.236572006	0.240831892
C2	NA	A	16.74136	27	0.0926	1.431363764	5.196152423	-1.033389013	0.304302481
C2	NA	A	13.9709	26	0.15	1.414973348	5.099019514	-0.823908741	0.387298335
C2	NA	A	17.82653	27	0.0909	1.431363764	5.196152423	-1.041436117	0.301496269
C2	NA	A	27.76166	35	0.0328	1.544068044	5.916079783	-1.484126156	0.181107703
C2	NA	A	21.97063	34	0.0493	1.531478917	5.830951895	-1.307153081	0.222036033
C2	NA	A	12.22526	26	0.1801	1.414973348	5.099019514	-0.744486287	0.424381903
C2	NA	A	16.74136	27	0.0909	1.431363764	5.196152423	-1.041436117	0.301496269
C2	NA	A	20.87044	34	0.0872	1.531478917	5.830951895	-1.059483515	0.295296461
C2	NA	A	15.56639	26	0.1339	1.414973348	5.099019514	-0.873219423	0.365923489
C2	NA	A	16.01185	27	0.1025	1.431363764	5.196152423	-0.989276135	0.320156212
C2	NA	A	18.81694	28	0.0766	1.447158031	5.291502622	-1.11577123	0.27676705
C2	NA	A	17.3698	27	0.065	1.431363764	5.196152423	-1.187086643	0.254950976
C2	NA	A	20.73658	28	0.0974	1.447158031	5.291502622	-1.011441043	0.312089731
C2	NA	A	13.9709	26	0.1515	1.414973348	5.099019514	-0.819587367	0.389230009
C2	NA	A	16.5282	26	0.0805	1.414973348	5.099019514	-1.09420412	0.283725219
C2	NA	A	16.74136	27	0.0832	1.431363764	5.196152423	-1.079876674	0.288444102
C2	NA	A	19.68729	28	0.0622	1.447158031	5.291502622	-1.206209615	0.249399278
C2	NA	A	26.30166	35	0.0312	1.544068044	5.916079783	-1.505845406	0.176635217
C2	NA	A	23.39715	35	0.0655	1.544068044	5.916079783	-1.1837587	0.255929678
C2	NA	A	13.46523	26	0.1563	1.414973348	5.099019514	-0.806041022	0.395347948
C2	NA	A	16.46153	28	0.1332	1.447158031	5.291502622	-0.875495775	0.364965752
C2	NA	A	13.46523	26	0.1343	1.414973348	5.099019514	-0.871923987	0.366469644
C2	NA	A	18.95559	27	0.0664	1.431363764	5.196152423	-1.177831921	0.257681975
C2	NA	A	23.58379	35	0.0442	1.544068044	5.916079783	-1.354577731	0.21023796
C2	NA	A	20.48584	35	0.0902	1.544068044	5.916079783	-1.044793462	0.300333148
C2	NA	A	16.92041	26	0.083	1.414973348	5.099019514	-1.080921908	0.288097206
C2	NA	A	13.54928	27	0.122	1.431363764	5.196152423	-0.913640169	0.349284984
C2	NA	A	18.53159	28	0.0843	1.447158031	5.291502622	-1.074172425	0.290344623
C2	NA	A	18.1883	27	0.1322	1.431363764	5.196152423	-0.878768545	0.363593179
C2	NA	A	24.18135	35	0.0503	1.544068044	5.916079783	-1.298432015	0.224276615
C2	NA	A	15.84588	26	0.1122	1.414973348	5.099019514	-0.950007143	0.334962684
C2	NA	A	18.35016	27	0.0577	1.431363764	5.196152423	-1.238824187	0.240208243
C2	NA	A	25.48077	34	0.0569	1.531478917	5.830951895	-1.244887734	0.238537209
C2	NA	G	18.88941	28	0.0568	1.447158031	5.291502622	-1.245651664	0.238327506
C2	NA	G	17.88923	34	0.1157	1.531478917	5.830951895	-0.936666641	0.340147027
C2	NA	G	24.06396	35	0.0394	1.544068044	5.916079783	-1.404503778	0.198494332
C2	NA	G	16.5282	26	0.1198	1.414973348	5.099019514	-0.921543182	0.346121366
C2	NA	G	17.62532	28	0.0882	1.447158031	5.291502622	-1.054531415	0.296984848
C2	NA	G	26.89032	35	0.0324	1.544068044	5.916079783	-1.48945499	0.18
C2	NA	G	16.5282	26	0.0877	1.414973348	5.099019514	-1.057000407	0.296141858
C2	NA	G	14.00042	22	0.1198	1.342422681	4.69041576	-0.921543182	0.346121366
C2	NA	G	12.4887	22	0.1689	1.342422681	4.69041576	-0.77237035	0.410974452
C2	NA	G	13.54928	27	0.1363	1.431363764	5.196152423	-0.865504144	0.369188299
C2	NA	G	20.78465	28	0.0614	1.447158031	5.291502622	-1.211831629	0.247790234
C2	NA	G	16.74136	27	0.0721	1.431363764	5.196152423	-1.142064735	0.268514432
C2	NA	G	16.74136	27	0.0613	1.431363764	5.196152423	-1.212539525	0.247588368
C2	NA	G	14.81738	26	0.1011	1.414973348	5.099019514	-0.995248844	0.317962262
C2	NA	G	12.32724	22	0.1234	1.342422681	4.69041576	-0.90868484	0.351283361
C2	NA	G	13.9709	26	0.1113	1.414973348	5.099019514	-0.953504836	0.333616546
C2	NA	G	16.54606	26	0.0715	1.414973348	5.099019514	-1.145693958	0.267394839
C2	NA	G	16.74136	27	0.1011	1.431363764	5.196152423	-0.995248844	0.317962262
C2	NA	G	16.34294	27	0.0765	1.431363764	5.196152423	-1.116338565	0.276586334
C2	NA	G	25.5182	35	0.0503	1.544068044	5.916079783	-1.298432015	0.224276615
C2	NA	G	18.88941	28	0.0795	1.447158031	5.291502622	-1.099632871	0.281957444
C2	NA	G	18.05296	28	0.081	1.447158031	5.291502622	-1.091514981	0.284604989
C2	NA	G	13.54928	27	0.1203	1.431363764	5.196152423	-0.919734373	0.346842904
C2	NA	G	21.11885	28	0.0493	1.447158031	5.291502622	-1.307153081	0.222036033
C2	NA	G	16.92041	26	0.103	1.414973348	5.099019514	-0.987162775	0.320936131
C2	NA	G	16.92041	26	0.0879	1.414973348	5.099019514	-1.056011125	0.296479342
C2	NA	G	14.51066	27	0.1673	1.431363764	5.196152423	-0.776504059	0.409023227
C2	NA	G	13.9709	26	0.1273	1.414973348	5.099019514	-0.895171596	0.356791255
C2	NA	G	21.37658	34	0.0422	1.531478917	5.830951895	-1.374687549	0.205426386
C2	NA	G	16.34294	27	0.1211	1.431363764	5.196152423	-0.916855857	0.347994253
C2	NA	G	18.08773	28	0.1052	1.447158031	5.291502622	-0.97798426	0.324345495
C2	NA	G	20.73394	28	0.0814	1.447158031	5.291502622	-1.089375595	0.285306852
C2	NA	G	17.3698	27	0.0513	1.431363764	5.196152423	-1.289882635	0.226495033
C2	NA	G	18.05296	28	0.0569	1.447158031	5.291502622	-1.244887734	0.238537209
C2	NA	G	20.81985	34	0.0512	1.531478917	5.830951895	-1.290730039	0.22627417
C2	NA	G	13.9709	26	0.1486	1.414973348	5.099019514	-0.827981191	0.385486705
C2	NA	G	20.11827	34	0.0647	1.531478917	5.830951895	-1.189095719	0.254361947
C2	NA	G	16.74136	27	0.1016	1.431363764	5.196152423	-0.993106292	0.318747549
C2	NA	G	16.74136	27	0.089	1.431363764	5.196152423	-1.050609993	0.298328678
C2	NA	G	20.73658	28	0.0777	1.447158031	5.291502622	-1.109578981	0.278747197
C2	NA	G	13.54928	27	0.1122	1.431363764	5.196152423	-0.950007143	0.334962684
C2	NA	G	20.7885	28	0.1019	1.447158031	5.291502622	-0.991825816	0.319217794
C2	NA	G	20.48584	35	0.0497	1.544068044	5.916079783	-1.303643611	0.222934968
C2	NA	G	13.09231	22	0.1216	1.342422681	4.69041576	-0.915066425	0.348711915
C2	NA	G	20.81985	34	0.0365	1.531478917	5.830951895	-1.437707136	0.191049732
C2	NA	G	19.53697	27	0.0525	1.431363764	5.196152423	-1.279840697	0.229128785
C2	NA	G	13.9709	26	0.1145	1.414973348	5.099019514	-0.941194513	0.338378486
C2	NA	G	13.9709	26	0.1222	1.414973348	5.099019514	-0.912928794	0.349571166
E3	6	A	14.26924361	26	0.11373	1.414973348	5.099019514	-0.944124961	0.337238788
E3	8	A	17.09967283	26	0.0687	1.414973348	5.099019514	-1.163043263	0.262106848
E3	9	A	16.78101213	28	0.09706	1.447158031	5.291502622	-1.012959713	0.311544539
E3	10	A	16.78101213	28	0.09526	1.447158031	5.291502622	-1.021089423	0.308642188
E3	11	A	16.78101213	28	0.10568	1.447158031	5.291502622	-0.976007195	0.325084604
E3	14	A	14.83223038	28	0.09565	1.447158031	5.291502622	-1.019315026	0.309273342
E3	15	A	16.78101213	28	0.07892	1.447158031	5.291502622	-1.102812923	0.280927037
E3	17	A	16.78101213	28	0.09521	1.447158031	5.291502622	-1.021317435	0.308561177
E3	19	A	17.09967283	26	0.09125	1.414973348	5.099019514	-1.039767127	0.302076149
E3	21	A	14.38417384	24	0.09385	1.380211242	4.898979486	-1.027565723	0.306349474
E3	24	A	16.78101213	28	0.1109	1.447158031	5.291502622	-0.955068454	0.333016516
E3	26	A	15.95969645	28	0.11922	1.447158031	5.291502622	-0.923650883	0.345282493
E3	28	A	15.35052833	24	0.0848	1.380211242	4.898979486	-1.071604148	0.291204396
E3	31	A	16.78101213	28	0.1135	1.447158031	5.291502622	-0.945004138	0.336897611
E3	33	A	14.33259021	31	0.1243	1.491361694	5.567764363	-0.905528871	0.352562051
E3	34	A	17.23647114	28	0.0879	1.447158031	5.291502622	-1.056011125	0.296479342
E3	35	A	16.78101213	28	0.0837	1.447158031	5.291502622	-1.077274542	0.289309523
E3	36	A	15.20362227	28	0.10546	1.447158031	5.291502622	-0.976912233	0.324746055
E3	39	A	15.98033463	28	0.1035	1.447158031	5.291502622	-0.98505965	0.321714159
E3	40	A	13.73367187	28	0.1029	1.447158031	5.291502622	-0.987584625	0.320780299
E3	43	A	15.98033463	28	0.0981	1.447158031	5.291502622	-1.008330993	0.313209195
E3	46	A	18.27694695	28	0.0932	1.447158031	5.291502622	-1.030584088	0.30528675
E3	47	A	17.09967283	26	0.0854	1.414973348	5.099019514	-1.068542129	0.292232784
E3	48	A	16.26933842	28	0.0956	1.447158031	5.291502622	-1.019542108	0.309192497
E3	49	A	18.51109509	31	0.0818	1.491361694	5.567764363	-1.087246696	0.286006993
E3	56	A	15.43625068	24	0.0848	1.380211242	4.898979486	-1.071604148	0.291204396
E3	58	A	17.20747788	26	0.0825	1.414973348	5.099019514	-1.083546051	0.287228132
E3	59	A	14.01745315	28	0.106	1.447158031	5.291502622	-0.974694135	0.325576412
E3	61	A	17.09967283	26	0.0874	1.414973348	5.099019514	-1.058488567	0.29563491
E3	65	A	16.38448951	26	0.1	1.414973348	5.099019514	-1	0.316227766
E3	68	A	18.62108344	26	0.07962	1.414973348	5.099019514	-1.098977827	0.282170161
E3	69	A	17.10721498	24	0.09632	1.380211242	4.898979486	-1.016283526	0.310354636
E3	70	A	17.23647114	28	0.0851	1.447158031	5.291502622	-1.07007044	0.291719043
E3	71	A	17.1268372	26	0.10931	1.414973348	5.099019514	-0.961340106	0.330620629
E3	72	A	15.12554294	26	0.0912	1.414973348	5.099019514	-1.040005162	0.301993377
E3	73	A	17.26189264	24	0.1059	1.380211242	4.898979486	-0.97510404	0.325422802
E3	74	A	17.09967283	26	0.0875	1.414973348	5.099019514	-1.057991947	0.295803989
E3	75	A	17.1268372	26	0.08859	1.414973348	5.099019514	-1.052615298	0.297640723
E3	76	A	17.09967283	26	0.0991	1.414973348	5.099019514	-1.003926346	0.314801525
E3	78	A	15.35052833	24	0.11188	1.380211242	4.898979486	-0.951247542	0.334484678
E3	79	A	15.35052833	24	0.08936	1.380211242	4.898979486	-1.04885684	0.29893143
E3	81	A	16.78101213	28	0.1065	1.447158031	5.291502622	-0.972650392	0.326343377
E3	83	A	14.71703881	28	0.08986	1.447158031	5.291502622	-1.046433586	0.299766576
E3	85	A	16.81034442	21	0.0955	1.322219295	4.582575695	-1.019996628	0.309030743
E3	88	A	14.325164	21	0.11923	1.322219295	4.582575695	-0.923614456	0.345296974
E3	93	A	13.73367187	28	0.10429	1.447158031	5.291502622	-0.981757333	0.322939623
E3	95	A	15.25324957	21	0.0872	1.322219295	4.582575695	-1.059483515	0.295296461
E3	96	A	13.72266961	28	0.1065	1.447158031	5.291502622	-0.972650392	0.326343377
E3	1	G	19.24014478	26	0.0711	1.414973348	5.099019514	-1.148130399	0.266645833
E3	2	G	15.96968189	26	0.0844	1.414973348	5.099019514	-1.073657553	0.290516781
E3	3	G	18.27694695	28	0.0804	1.447158031	5.291502622	-1.094743951	0.283548938
E3	4	G	17.09967283	26	0.08658	1.414973348	5.099019514	-1.062582419	0.294244796
E3	5	G	16.78101213	28	0.0889	1.447158031	5.291502622	-1.051098239	0.29816103
E3	7	G	16.78101213	28	0.083	1.447158031	5.291502622	-1.080921908	0.288097206
E3	12	G	17.09967283	26	0.0943	1.414973348	5.099019514	-1.025488307	0.307083051
E3	13	G	17.48842259	24	0.08533	1.380211242	4.898979486	-1.068898254	0.292112992
E3	16	G	16.26390973	31	0.09887	1.491361694	5.567764363	-1.004935466	0.314436003
E3	18	G	17.09967283	26	0.09445	1.414973348	5.099019514	-1.024798038	0.307327187
E3	20	G	16.78101213	28	0.0958	1.447158031	5.291502622	-1.018634491	0.309515751
E3	22	G	16.78101213	28	0.096	1.447158031	5.291502622	-1.017728767	0.309838668
E3	23	G	17.23647114	28	0.1042	1.447158031	5.291502622	-0.982132281	0.322800248
E3	25	G	17.09967283	26	0.11153	1.414973348	5.099019514	-0.952608298	0.333961076
E3	27	G	16.18047808	28	0.1002	1.447158031	5.291502622	-0.999132278	0.316543836
E3	29	G	15.20362227	28	0.1087	1.447158031	5.291502622	-0.963770456	0.32969683
E3	30	G	19.5191824	28	0.0789	1.447158031	5.291502622	-1.102922997	0.280891438
E3	32	G	15.98033463	28	0.1182	1.447158031	5.291502622	-0.927382523	0.343802269
E3	37	G	17.09967283	26	0.0975	1.414973348	5.099019514	-1.010995384	0.3122499
E3	38	G	18.37008572	28	0.0847	1.447158031	5.291502622	-1.07211659	0.291032644
E3	41	G	17.20747788	26	0.08554	1.414973348	5.099019514	-1.067830754	0.292472221
E3	42	G	15.43625068	24	0.09736	1.380211242	4.898979486	-1.011619435	0.31202564
E3	44	G	16.76076011	28	0.0942	1.447158031	5.291502622	-1.025949097	0.306920185
E3	45	G	17.09967283	26	0.1088	1.414973348	5.099019514	-0.963371105	0.32984845
E3	50	G	16.78101213	28	0.10512	1.447158031	5.291502622	-0.978314648	0.324222146
E3	51	G	15.30059633	28	0.1268	1.447158031	5.291502622	-0.896880746	0.356089876
E3	52	G	22.95398562	28	0.0542	1.447158031	5.291502622	-1.266000713	0.232808935
E3	53	G	17.1268372	26	0.0944	1.414973348	5.099019514	-1.025028006	0.30724583
E3	54	G	17.09967283	26	0.0914	1.414973348	5.099019514	-1.039053804	0.302324329
E3	55	G	16.28076431	26	0.1188	1.414973348	5.099019514	-0.925183559	0.344673759
E3	57	G	17.1268372	26	0.0782	1.414973348	5.099019514	-1.106793247	0.279642629
E3	60	G	15.98033463	28	0.1034	1.447158031	5.291502622	-0.985479461	0.321558704
E3	62	G	13.72266961	28	0.1211	1.447158031	5.291502622	-0.916855857	0.347994253
E3	63	G	15.98033463	28	0.0877	1.447158031	5.291502622	-1.057000407	0.296141858
E3	64	G	16.76076011	28	0.0919	1.447158031	5.291502622	-1.036684489	0.303150128
E3	66	G	17.23647114	28	0.1205	1.447158031	5.291502622	-0.919012953	0.347131099
E3	67	G	16.99446611	24	0.10888	1.380211242	4.898979486	-0.963051888	0.329969696
E3	77	G	17.48842259	24	0.0783	1.380211242	4.898979486	-1.106238238	0.279821372
E3	80	G	17.20747788	26	0.10259	1.414973348	5.099019514	-0.98889497	0.320296737
E3	82	G	16.78101213	28	0.0923	1.447158031	5.291502622	-1.034798299	0.303809151
E3	84	G	15.30059633	28	0.1235	1.447158031	5.291502622	-0.908333042	0.351425668
E3	86	G	14.325164	21	0.11888	1.322219295	4.582575695	-0.924891204	0.344789791
E3	87	G	18.27694695	28	0.0892	1.447158031	5.291502622	-1.049635146	0.29866369
E3	89	G	14.325164	21	0.101	1.322219295	4.582575695	-0.995678626	0.317804972
E3	90	G	17.20747788	26	0.08748	1.414973348	5.099019514	-1.058091226	0.295770181
E3	91	G	16.81034442	21	0.0842	1.322219295	4.582575695	-1.074687909	0.290172363
E3	92	G	16.14130916	21	0.1003	1.322219295	4.582575695	-0.998699067	0.316701752
E3	94	G	17.20747788	26	0.0653	1.414973348	5.099019514	-1.185086819	0.255538647
F1	1	A	21.61311335	31	0.0826	1.491361694	5.567764363	-1.083019953	0.287402157
F1	2	A	20.09596966	33	0.09047	1.51851394	5.744562647	-1.04349541	0.300782313
F1	3	A	22.67732371	31	0.09547	1.491361694	5.567764363	-1.020133077	0.3089822
F1	4	A	21.61311335	31	0.08317	1.491361694	5.567764363	-1.080033299	0.288392094
F1	5	A	19.2398799	28	0.11364	1.447158031	5.291502622	-0.944468775	0.337105325
F1	7	A	15.3309434	28	0.10445	1.447158031	5.291502622	-0.981091556	0.323187252
F1	8	A	19.1654399	31	0.1092	1.491361694	5.567764363	-0.961777362	0.330454233
F1	13	A	18.2205351	28	0.1042	1.447158031	5.291502622	-0.982132281	0.322800248
F1	14	A	19.8365556	31	0.1189	1.491361694	5.567764363	-0.924818145	0.344818793
F1	15	A	19.2398799	28	0.1123	1.447158031	5.291502622	-0.949620244	0.335111922
F1	16	A	16.70155748	28	0.0914	1.447158031	5.291502622	-1.039053804	0.302324329
F1	17	A	20.5975657	28	0.09879	1.447158031	5.291502622	-1.005287015	0.314308765
F1	19	A	19.28207713	28	0.10871	1.447158031	5.291502622	-0.963730504	0.329711996
F1	20	A	18.36540624	33	0.1178	1.51851394	5.744562647	-0.92885471	0.343220046
F1	21	A	18.89363746	26	0.09337	1.414973348	5.099019514	-1.029792641	0.30556505
F1	22	A	15.62160863	33	0.13318	1.51851394	5.744562647	-0.875560989	0.364938351
F1	25	A	18.2205351	28	0.1369	1.447158031	5.291502622	-0.863596552	0.37
F1	29	A	16.19463358	31	0.1179	1.491361694	5.567764363	-0.928486195	0.343365694
F1	32	A	19.1654399	31	0.13171	1.491361694	5.567764363	-0.88038125	0.362918724
F1	34	A	19.77500236	33	0.10316	1.51851394	5.744562647	-0.986488667	0.321185305
F1	39	A	18.72086262	31	0.1298	1.491361694	5.567764363	-0.886725308	0.360277671
F1	40	A	17.23293645	33	0.11771	1.51851394	5.744562647	-0.92918664	0.34308891
F1	41	A	16.19463358	31	0.12078	1.491361694	5.567764363	-0.918004975	0.347534171
F1	44	A	15.62160863	33	0.1204	1.51851394	5.744562647	-0.919373513	0.346987031
F1	46	A	19.11852695	28	0.0954	1.447158031	5.291502622	-1.020451625	0.308868904
F1	47	A	16.70155748	28	0.12459	1.447158031	5.291502622	-0.904516814	0.352973087
F1	48	A	17.94822506	31	0.10346	1.491361694	5.567764363	-0.985227526	0.321651986
F1	51	A	16.70155748	28	0.148	1.447158031	5.291502622	-0.829738285	0.384707681
F1	52	A	18.36540624	33	0.1182	1.51851394	5.744562647	-0.927382523	0.343802269
F1	53	A	18.94184505	35	0.087	1.544068044	5.916079783	-1.060480747	0.294957624
F1	56	A	16.23858086	28	0.1081	1.447158031	5.291502622	-0.966174306	0.328785644
F1	57	A	16.70155748	28	0.12529	1.447158031	5.291502622	-0.902083591	0.353963275
F1	61	A	19.03145554	28	0.1134	1.447158031	5.291502622	-0.945386945	0.336749165
F1	64	A	16.19463358	31	0.1191	1.491361694	5.567764363	-0.924088239	0.345108679
F1	65	A	18.2205351	28	0.12112	1.447158031	5.291502622	-0.916784138	0.348022988
F1	68	A	18.34319416	31	0.1153	1.491361694	5.567764363	-0.938170693	0.339558537
F1	72	A	16.91137431	28	0.13731	1.447158031	5.291502622	-0.862297833	0.37055364
F1	74	A	19.1654399	31	0.131	1.491361694	5.567764363	-0.882728704	0.361939221
F1	76	A	18.2205351	28	0.1264	1.447158031	5.291502622	-0.898252926	0.355527777
F1	77	A	15.47343076	31	0.13525	1.491361694	5.567764363	-0.868862726	0.367763511
F1	78	A	16.19463358	31	0.1267	1.491361694	5.567764363	-0.897223385	0.355949435
F1	79	A	16.5003746	31	0.1384	1.491361694	5.567764363	-0.85886391	0.372021505
F1	83	A	18.06613573	31	0.14367	1.491361694	5.567764363	-0.842633908	0.379038257
F1	86	A	27.87234754	35	0.09	1.544068044	5.916079783	-1.045757491	0.3
F1	91	A	16.23858086	28	0.11448	1.447158031	5.291502622	-0.941270379	0.338348932
F1	92	A	15.62160863	33	0.1377	1.51851394	5.744562647	-0.86106606	0.371079506
F1	93	A	17.94822506	31	0.11861	1.491361694	5.567764363	-0.925878694	0.344398026
F1	94	A	16.5003746	31	0.15115	1.491361694	5.567764363	-0.820591848	0.388780144
F1	6	G	16.81920957	28	0.11677	1.447158031	5.291502622	-0.93266872	0.341716257
F1	9	G	16.47899901	31	0.1245	1.491361694	5.567764363	-0.904830649	0.352845575
F1	10	G	18.30614856	33	0.12025	1.51851394	5.744562647	-0.919914915	0.346770818
F1	11	G	18.30614856	33	0.14158	1.51851394	5.744562647	-0.848998092	0.376271179
F1	12	G	17.94822506	31	0.11665	1.491361694	5.567764363	-0.933115257	0.341540627
F1	18	G	16.994377	33	0.11324	1.51851394	5.744562647	-0.946000139	0.336511515
F1	23	G	16.19463358	31	0.1282	1.491361694	5.567764363	-0.892111975	0.358050276
F1	24	G	19.2398799	28	0.103	1.447158031	5.291502622	-0.987162775	0.320936131
F1	26	G	20.97704785	28	0.1125	1.447158031	5.291502622	-0.948847478	0.335410197
F1	27	G	22.80745519	28	0.07677	1.447158031	5.291502622	-1.114808459	0.277073997
F1	28	G	19.07259678	31	0.1184	1.491361694	5.567764363	-0.926648298	0.344093011
F1	30	G	18.35028102	33	0.12179	1.51851394	5.744562647	-0.91438837	0.34898424
F1	31	G	18.36540624	33	0.12084	1.51851394	5.744562647	-0.917789283	0.347620483
F1	33	G	16.90696867	28	0.12562	1.447158031	5.291502622	-0.900941211	0.354429118
F1	35	G	16.81920957	28	0.1117	1.447158031	5.291502622	-0.951946827	0.334215499
F1	36	G	16.19463358	31	0.1316	1.491361694	5.567764363	-0.880744111	0.362767143
F1	37	G	19.07259678	31	0.1402	1.491361694	5.567764363	-0.853251986	0.374432905
F1	38	G	18.2205351	28	0.1029	1.447158031	5.291502622	-0.987584625	0.320780299
F1	42	G	16.01416987	28	0.1352	1.447158031	5.291502622	-0.869023308	0.367695526
F1	43	G	17.16104209	26	0.1173	1.414973348	5.099019514	-0.930701988	0.342490876
F1	45	G	15.62160863	33	0.14685	1.51851394	5.744562647	-0.833126049	0.383210125
F1	49	G	16.19274386	31	0.1162	1.491361694	5.567764363	-0.934793872	0.340881211
F1	50	G	19.52583174	28	0.0924	1.447158031	5.291502622	-1.034328029	0.303973683
F1	54	G	16.87107793	26	0.13781	1.414973348	5.099019514	-0.860719267	0.371227693
F1	55	G	15.67418654	31	0.1187	1.491361694	5.567764363	-0.925549281	0.344528664
F1	58	G	18.2205351	28	0.1229	1.447158031	5.291502622	-0.910448117	0.350570963
F1	59	G	18.34319416	31	0.1301	1.491361694	5.567764363	-0.885722703	0.360693776
F1	60	G	16.23858086	28	0.12117	1.447158031	5.291502622	-0.916604892	0.348094815
F1	62	G	17.94822506	31	0.09853	1.491361694	5.567764363	-1.006431517	0.313894887
F1	63	G	16.19463358	31	0.1406	1.491361694	5.567764363	-0.852014679	0.374966665
F1	66	G	19.2398799	28	0.1186	1.447158031	5.291502622	-0.925915311	0.344383507
F1	67	G	16.90701727	33	0.13469	1.51851394	5.744562647	-0.870664647	0.367001362
F1	69	G	16.47899901	31	0.1161	1.491361694	5.567764363	-0.93516778	0.340734501
F1	70	G	16.10096254	28	0.1178	1.447158031	5.291502622	-0.92885471	0.343220046
F1	71	G	18.36540624	33	0.1298	1.51851394	5.744562647	-0.886725308	0.360277671
F1	73	G	17.96133033	31	0.1278	1.491361694	5.567764363	-0.893469146	0.357491259
F1	75	G	23.62354621	31	0.10031	1.491361694	5.567764363	-0.99865577	0.31671754
F1	80	G	18.06613573	31	0.1315	1.491361694	5.567764363	-0.881074247	0.362629287
F1	81	G	18.2205351	28	0.12917	1.447158031	5.291502622	-0.88883834	0.359402282
F1	82	G	18.79787588	28	0.1131	1.447158031	5.291502622	-0.946537395	0.336303434
F1	84	G	16.10096254	28	0.1375	1.447158031	5.291502622	-0.861697302	0.370809924
F1	85	G	15.62160863	33	0.1362	1.51851394	5.744562647	-0.865822892	0.369052842
F1	87	G	16.23858086	28	0.1289	1.447158031	5.291502622	-0.889747083	0.359026461
F1	88	G	18.35028102	33	0.1449	1.51851394	5.744562647	-0.838931615	0.380657326
F1	89	G	20.62910648	31	0.0942	1.491361694	5.567764363	-1.025949097	0.306920185
F1	90	G	16.19463358	31	0.13709	1.491361694	5.567764363	-0.862994224	0.370256668
F1	95	G	20.60872345	28	0.1006	1.447158031	5.291502622	-0.997402019	0.317175031
F1	96	G	16.23858086	28	0.1316	1.447158031	5.291502622	-0.880744111	0.362767143
H1	4	A	15.18681975	26	0.092	1.414973348	5.099019514	-1.036212173	0.303315018
H1	7	A	16.97734038	28	0.0824	1.447158031	5.291502622	-1.084072788	0.287054002
H1	11	A	16.97734038	28	0.1245	1.447158031	5.291502622	-0.904830649	0.352845575
H1	12	A	17.1461557	26	0.1038	1.414973348	5.099019514	-0.983802646	0.322180074
H1	13	A	18.10159649	31	0.1166	1.491361694	5.567764363	-0.93330145	0.341467422
H1	15	A	19.17061951	26	0.11272	1.414973348	5.099019514	-0.94799902	0.335737993
H1	16	A	16.52882787	31	0.1194	1.491361694	5.567764363	-0.922995673	0.345543051
H1	17	A	16.97734038	28	0.114	1.447158031	5.291502622	-0.943095149	0.33763886
H1	18	A	16.45148431	26	0.12744	1.414973348	5.099019514	-0.894694237	0.356987395
H1	19	A	18.3699545	28	0.1172	1.447158031	5.291502622	-0.931072388	0.342344855
H1	21	A	16.29709899	26	0.1133	1.414973348	5.099019514	-0.94577009	0.336600654
H1	23	A	16.2240698	28	0.10771	1.447158031	5.291502622	-0.967743974	0.328192017
H1	24	A	17.1461557	26	0.1183	1.414973348	5.099019514	-0.927015255	0.34394767
H1	26	A	18.24278775	26	0.11669	1.414973348	5.099019514	-0.93296636	0.34159918
H1	32	A	16.2240698	28	0.1325	1.447158031	5.291502622	-0.877784122	0.364005494
H1	35	A	17.1461557	26	0.0957	1.414973348	5.099019514	-1.019088062	0.309354166
H1	38	A	16.97734038	28	0.12037	1.447158031	5.291502622	-0.919481739	0.346943799
H1	39	A	18.3699545	28	0.1294	1.447158031	5.291502622	-0.888065724	0.359722115
H1	41	A	16.97734038	28	0.11963	1.447158031	5.291502622	-0.922159897	0.3458757
H1	43	A	18.3699545	28	0.1002	1.447158031	5.291502622	-0.999132278	0.316543836
H1	44	A	18.3699545	28	0.12024	1.447158031	5.291502622	-0.919951032	0.346756399
H1	46	A	18.3699545	28	0.1233	1.447158031	5.291502622	-0.909036923	0.351140997
H1	47	A	18.24278775	26	0.1036	1.414973348	5.099019514	-0.984640245	0.321869539
H1	53	A	18.40823187	28	0.1105	1.447158031	5.291502622	-0.956637722	0.332415403
H1	56	A	18.24278775	26	0.10244	1.414973348	5.099019514	-0.98953043	0.320062494
H1	57	A	16.45148431	26	0.1146	1.414973348	5.099019514	-0.940815382	0.338526218
H1	59	A	16.2240698	28	0.1206	1.447158031	5.291502622	-0.918652692	0.347275107
H1	60	A	16.2240698	28	0.1175	1.447158031	5.291502622	-0.929962133	0.34278273
H1	61	A	18.6837518	31	0.1072	1.491361694	5.567764363	-0.969805215	0.327414111
H1	63	A	17.1461557	26	0.1103	1.414973348	5.099019514	-0.957424488	0.332114438
H1	64	A	16.17206787	28	0.12206	1.447158031	5.291502622	-0.913426634	0.349370863
H1	65	A	16.97734038	28	0.1229	1.447158031	5.291502622	-0.910448117	0.350570963
H1	69	A	16.30402913	28	0.1055	1.447158031	5.291502622	-0.97674754	0.324807635
H1	71	A	19.81721484	26	0.103	1.414973348	5.099019514	-0.987162775	0.320936131
H1	72	A	17.1461557	26	0.10568	1.414973348	5.099019514	-0.976007195	0.325084604
H1	73	A	17.1461557	26	0.112	1.414973348	5.099019514	-0.950781977	0.334664011
H1	75	A	16.97734038	28	0.12551	1.447158031	5.291502622	-0.90132167	0.354273905
H1	78	A	16.29709899	26	0.1368	1.414973348	5.099019514	-0.863913903	0.36986484
H1	80	A	16.17206787	28	0.1118	1.447158031	5.291502622	-0.951558196	0.33436507
H1	83	A	18.10159649	31	0.0935	1.491361694	5.567764363	-1.029188389	0.305777697
H1	84	A	16.97734038	28	0.0995	1.447158031	5.291502622	-1.002176919	0.315436206
H1	85	A	15.14885721	26	0.0869	1.414973348	5.099019514	-1.060980224	0.294788059
H1	87	A	16.29709899	26	0.1084	1.414973348	5.099019514	-0.964970718	0.329241553
H1	89	A	17.1461557	26	0.1186	1.414973348	5.099019514	-0.925915311	0.344383507
H1	90	A	24.04081209	31	0.125	1.491361694	5.567764363	-0.903089987	0.353553391
H1	92	A	16.45148431	26	0.121	1.414973348	5.099019514	-0.91721463	0.347850543
H1	93	A	16.45148431	26	0.1197	1.414973348	5.099019514	-0.92190585	0.345976878
H1	95	A	16.45148431	26	0.1281	1.414973348	5.099019514	-0.89245087	0.357910603
H1	1	G	16.17206787	28	0.1144	1.447158031	5.291502622	-0.941573976	0.338230691
H1	2	G	16.29709899	26	0.1234	1.414973348	5.099019514	-0.90868484	0.351283361
H1	3	G	16.97734038	28	0.093	1.447158031	5.291502622	-1.031517051	0.304959014
H1	5	G	16.17206787	28	0.1045	1.447158031	5.291502622	-0.98088371	0.323264598
H1	6	G	18.3699545	28	0.11	1.447158031	5.291502622	-0.958607315	0.331662479
H1	8	G	16.2240698	28	0.1305	1.447158031	5.291502622	-0.884389488	0.361247837
H1	9	G	16.45148431	26	0.1258	1.414973348	5.099019514	-0.900319359	0.354682957
H1	10	G	29.49696287	33	0.0691	1.51851394	5.744562647	-1.160521953	0.262868789
H1	14	G	16.17206787	28	0.126	1.447158031	5.291502622	-0.899629455	0.354964787
H1	20	G	17.0081959	28	0.1098	1.447158031	5.291502622	-0.95939766	0.331360831
H1	22	G	17.06720047	28	0.1549	1.447158031	5.291502622	-0.809948582	0.393573373
H1	25	G	20.7315606	28	0.1265	1.447158031	5.291502622	-0.897909474	0.355668385
H1	27	G	16.97734038	28	0.11069	1.447158031	5.291502622	-0.955891613	0.332701067
H1	28	G	19.15267701	28	0.1016	1.447158031	5.291502622	-0.993106292	0.318747549
H1	29	G	16.2240698	28	0.13039	1.447158031	5.291502622	-0.884755715	0.361095555
H1	30	G	18.5734301	28	0.12263	1.447158031	5.291502622	-0.911403272	0.350185665
H1	31	G	15.66182111	31	0.15159	1.491361694	5.567764363	-0.819329447	0.389345605
H1	33	G	15.64207011	26	0.1124	1.414973348	5.099019514	-0.949233689	0.335261092
H1	34	G	16.29709899	26	0.1189	1.414973348	5.099019514	-0.924818145	0.344818793
H1	36	G	19.06211106	28	0.1457	1.447158031	5.291502622	-0.836540448	0.381706694
H1	37	G	21.93721712	28	0.11911	1.447158031	5.291502622	-0.924051775	0.345123166
H1	40	G	15.64207011	26	0.13	1.414973348	5.099019514	-0.886056648	0.360555128
H1	42	G	18.5734301	28	0.08864	1.447158031	5.291502622	-1.052370253	0.297724705
H1	45	G	21.93192223	28	0.1044	1.447158031	5.291502622	-0.981299501	0.323109888
H1	48	G	16.97734038	28	0.1018	1.447158031	5.291502622	-0.992252222	0.319061123
H1	49	G	17.20886196	26	0.1001	1.414973348	5.099019514	-0.999565923	0.31638584
H1	50	G	19.81116166	28	0.12088	1.447158031	5.291502622	-0.917645549	0.347678012
H1	51	G	16.2240698	28	0.1459	1.447158031	5.291502622	-0.835944708	0.381968585
H1	52	G	15.49561786	28	0.1299	1.447158031	5.291502622	-0.886390849	0.360416426
H1	54	G	18.10159649	31	0.09685	1.491361694	5.567764363	-1.013900375	0.311207326
H1	55	G	16.97734038	28	0.09744	1.447158031	5.291502622	-1.011262725	0.312153808
H1	58	G	18.3699545	28	0.1419	1.447158031	5.291502622	-0.848017605	0.376696164
H1	62	G	17.3118866	26	0.0991	1.414973348	5.099019514	-1.003926346	0.314801525
H1	66	G	16.97734038	28	0.1391	1.447158031	5.291502622	-0.85667287	0.372961124
H1	67	G	16.97734038	28	0.14624	1.447158031	5.291502622	-0.834933822	0.382413389
H1	68	G	16.2240698	28	0.117	1.447158031	5.291502622	-0.931814138	0.342052628
H1	70	G	16.17206787	28	0.11057	1.447158031	5.291502622	-0.95636269	0.332520676
H1	74	G	16.97734038	28	0.1317	1.447158031	5.291502622	-0.880414225	0.362904946
H1	76	G	17.70631652	28	0.10392	1.447158031	5.291502622	-0.983300862	0.322366251
H1	77	G	16.45148431	26	0.1096	1.414973348	5.099019514	-0.960189446	0.331058907
H1	79	G	16.57850617	28	0.1358	1.447158031	5.291502622	-0.86710023	0.368510515
H1	81	G	16.45148431	26	0.1457	1.414973348	5.099019514	-0.836540448	0.381706694
H1	82	G	16.17206787	28	0.1241	1.447158031	5.291502622	-0.906228219	0.352278299
H1	86	G	14.40123592	26	0.1105	1.414973348	5.099019514	-0.956637722	0.332415403
H1	88	G	16.97734038	28	0.096	1.447158031	5.291502622	-1.017728767	0.309838668
H1	91	G	20.1549392	28	0.0768	1.447158031	5.291502622	-1.11463878	0.277128129
H1	94	G	16.97734038	28	0.1014	1.447158031	5.291502622	-0.993962045	0.318433667
H1	96	G	16.2240698	28	0.1135	1.447158031	5.291502622	-0.945004138	0.336897611
K1	1	A	18.95060637	28	0.0813	1.447158031	5.291502622	-1.089909454	0.285131549
K1	3	A	19.26826682	28	0.1236	1.447158031	5.291502622	-0.907981529	0.351567917
K1	7	A	19.24952589	26	0.082	1.414973348	5.099019514	-1.086186148	0.286356421
K1	10	A	17.09354169	26	0.1487	1.414973348	5.099019514	-0.827689031	0.38561639
K1	11	A	16.72460957	28	0.11906	1.447158031	5.291502622	-0.924234122	0.345050721
K1	16	A	19.17192421	26	0.14235	1.414973348	5.099019514	-0.846642529	0.37729299
K1	18	A	19.20184914	28	0.1114	1.447158031	5.291502622	-0.953114809	0.333766385
K1	21	A	17.09354169	26	0.1139	1.414973348	5.099019514	-0.943476276	0.337490741
K1	22	A	16.50884328	26	0.1449	1.414973348	5.099019514	-0.838931615	0.380657326
K1	27	A	19.12669901	26	0.113	1.414973348	5.099019514	-0.946921557	0.336154726
K1	28	A	18.36812777	26	0.0947	1.414973348	5.099019514	-1.023650021	0.307733651
K1	29	A	22.27979805	26	0.08552	1.414973348	5.099019514	-1.067932308	0.292438028
K1	30	A	16.82489872	26	0.1427	1.414973348	5.099019514	-0.845576027	0.377756535
K1	31	A	19.12669901	26	0.1121	1.414973348	5.099019514	-0.950394387	0.334813381
K1	32	A	22.86203327	28	0.1438	1.447158031	5.291502622	-0.842241114	0.379209705
K1	33	A	17.15851488	26	0.11857	1.414973348	5.099019514	-0.92602518	0.344339948
K1	35	A	18.27529441	28	0.1353	1.447158031	5.291502622	-0.868702203	0.367831483
K1	36	A	19.12669901	26	0.1158	1.414973348	5.099019514	-0.936291441	0.340293991
K1	38	A	17.97487525	26	0.1062	1.414973348	5.099019514	-0.973875483	0.325883415
K1	39	A	18.36812777	26	0.124	1.414973348	5.099019514	-0.906578315	0.352136337
K1	41	A	16.48046254	28	0.1278	1.447158031	5.291502622	-0.893469146	0.357491259
K1	42	A	16.0948401	26	0.1368	1.414973348	5.099019514	-0.863913903	0.36986484
K1	43	A	18.22379575	28	0.0926	1.447158031	5.291502622	-1.033389013	0.304302481
K1	46	A	21.29673097	26	0.0835	1.414973348	5.099019514	-1.078313525	0.288963666
K1	48	A	18.13939372	26	0.1186	1.414973348	5.099019514	-0.925915311	0.344383507
K1	54	A	19.26112399	26	0.0997	1.414973348	5.099019514	-1.001304842	0.315753068
K1	55	A	17.23900618	26	0.101	1.414973348	5.099019514	-0.995678626	0.317804972
K1	59	A	15.98765066	28	0.1535	1.447158031	5.291502622	-0.81389162	0.39179076
K1	60	A	20.43177229	28	0.1284	1.447158031	5.291502622	-0.891434976	0.358329457
K1	61	A	15.98765066	28	0.1399	1.447158031	5.291502622	-0.854182286	0.374032084
K1	62	A	15.98765066	28	0.1349	1.447158031	5.291502622	-0.86998805	0.367287353
K1	63	A	19.17192421	26	0.0883	1.414973348	5.099019514	-1.054039296	0.297153159
K1	64	A	18.22379575	28	0.098	1.447158031	5.291502622	-1.008773924	0.313049517
K1	65	A	16.48046254	28	0.13367	1.447158031	5.291502622	-0.873966052	0.365609081
K1	66	A	17.09354169	26	0.13496	1.414973348	5.099019514	-0.86979493	0.367369024
K1	69	A	18.36812777	26	0.1164	1.414973348	5.099019514	-0.93404702	0.341174442
K1	70	A	16.72460957	28	0.13645	1.447158031	5.291502622	-0.86502646	0.369391391
K1	72	A	17.15851488	26	0.1074	1.414973348	5.099019514	-0.968995719	0.327719392
K1	73	A	20.75381771	28	0.1223	1.447158031	5.291502622	-0.912573543	0.349714169
K1	74	A	21.13765245	26	0.11134	1.414973348	5.099019514	-0.953348783	0.33367649
K1	75	A	18.13632824	28	0.1382	1.447158031	5.291502622	-0.859491957	0.371752606
K1	80	A	17.09354169	26	0.1119	1.414973348	5.099019514	-0.951169913	0.334514574
K1	81	A	14.69974526	26	0.1532	1.414973348	5.099019514	-0.814741235	0.391407716
K1	82	A	16.82489872	26	0.11387	1.414973348	5.099019514	-0.943590679	0.337446292
K1	89	A	16.82489872	26	0.14555	1.414973348	5.099019514	-0.83698779	0.381510157
K1	93	A	15.96835848	28	0.1694	1.447158031	5.291502622	-0.771086594	0.411582313
K1	94	A	15.96835848	28	0.1502	1.447158031	5.291502622	-0.823330067	0.387556448
K1	96	A	14.58578617	26	0.1473	1.414973348	5.099019514	-0.831797253	0.383796821
K1	2	G	17.09354169	26	0.13147	1.414973348	5.099019514	-0.881173337	0.36258792
K1	4	G	16.34730725	26	0.11274	1.414973348	5.099019514	-0.94792197	0.335767777
K1	5	G	17.09354169	26	0.1155	1.414973348	5.099019514	-0.937418016	0.339852909
K1	6	G	21.58232461	28	0.0967	1.447158031	5.291502622	-1.014573526	0.310966236
K1	8	G	19.12669901	26	0.1148	1.414973348	5.099019514	-0.940058112	0.338821487
K1	9	G	19.12669901	26	0.12749	1.414973348	5.099019514	-0.894523879	0.357057418
K1	12	G	17.09354169	26	0.123	1.414973348	5.099019514	-0.910094889	0.350713558
K1	13	G	20.32178875	26	0.1104	1.414973348	5.099019514	-0.957030927	0.332264955
K1	14	G	17.09354169	26	0.1027	1.414973348	5.099019514	-0.988429556	0.320468407
K1	15	G	19.9377656	26	0.116	1.414973348	5.099019514	-0.935542011	0.340587727
K1	17	G	16.82489872	26	0.1254	1.414973348	5.099019514	-0.901702464	0.354118624
K1	19	G	18.95060637	28	0.098	1.447158031	5.291502622	-1.008773924	0.313049517
K1	20	G	17.09354169	26	0.1065	1.414973348	5.099019514	-0.972650392	0.326343377
K1	23	G	20.61828331	28	0.1266	1.447158031	5.291502622	-0.897566294	0.355808937
K1	24	G	18.95060637	28	0.1023	1.447158031	5.291502622	-0.990124366	0.319843712
K1	25	G	16.48046254	28	0.16034	1.447158031	5.291502622	-0.794958121	0.400424774
K1	26	G	21.29673097	26	0.1083	1.414973348	5.099019514	-0.965371543	0.329089653
K1	34	G	18.13939372	26	0.1232	1.414973348	5.099019514	-0.909389292	0.350998575
K1	37	G	16.72460957	28	0.1224	1.447158031	5.291502622	-0.912218582	0.349857114
K1	40	G	20.61828331	28	0.1123	1.447158031	5.291502622	-0.949620244	0.335111922
K1	44	G	16.48046254	28	0.1389	1.447158031	5.291502622	-0.857297754	0.372692903
K1	45	G	18.95060637	28	0.1208	1.447158031	5.291502622	-0.917933066	0.347562944
K1	47	G	17.15851488	26	0.102	1.414973348	5.099019514	-0.991399828	0.319374388
K1	49	G	15.78597039	28	0.1214	1.447158031	5.291502622	-0.915781313	0.348425028
K1	50	G	18.96975269	28	0.10151	1.447158031	5.291502622	-0.993491172	0.31860634
K1	51	G	16.82489872	26	0.138	1.414973348	5.099019514	-0.860120914	0.371483512
K1	52	G	17.47295548	31	0.122	1.491361694	5.567764363	-0.913640169	0.349284984
K1	53	G	21.81792968	28	0.11985	1.447158031	5.291502622	-0.921361962	0.346193587
K1	56	G	17.77059802	28	0.12925	1.447158031	5.291502622	-0.888569448	0.35951356
K1	57	G	20.33047784	26	0.11534	1.414973348	5.099019514	-0.938020053	0.339617432
K1	58	G	19.12669901	26	0.11367	1.414973348	5.099019514	-0.94435414	0.337149818
K1	67	G	18.45895859	26	0.1412	1.414973348	5.099019514	-0.850165303	0.375765885
K1	68	G	16.34730725	26	0.11456	1.414973348	5.099019514	-0.940966995	0.338467133
K1	71	G	16.48046254	28	0.14518	1.447158031	5.291502622	-0.838093208	0.381024934
K1	76	G	20.93891592	28	0.0976	1.447158031	5.291502622	-1.010550182	0.312409987
K1	77	G	17.09354169	26	0.0991	1.414973348	5.099019514	-1.003926346	0.314801525
K1	78	G	14.69974526	26	0.15232	1.414973348	5.099019514	-0.817243069	0.390281949
K1	79	G	16.82489872	26	0.1487	1.414973348	5.099019514	-0.827689031	0.38561639
K1	83	G	17.09354169	26	0.1346	1.414973348	5.099019514	-0.87095494	0.366878727
K1	84	G	16.72460957	28	0.121	1.447158031	5.291502622	-0.91721463	0.347850543
K1	85	G	17.09354169	26	0.14042	1.414973348	5.099019514	-0.852571031	0.374726567
K1	86	G	16.48046254	28	0.1306	1.447158031	5.291502622	-0.884056823	0.36138622
K1	87	G	18.27529441	28	0.1591	1.447158031	5.291502622	-0.79832982	0.398873414
K1	88	G	16.82489872	26	0.1367	1.414973348	5.099019514	-0.864231485	0.369729631
K1	90	G	16.82489872	26	0.1031	1.414973348	5.099019514	-0.986741335	0.321091887
K1	91	G	17.09354169	26	0.1128	1.414973348	5.099019514	-0.9476909	0.335857112
K1	92	G	23.50840818	26	0.0712	1.414973348	5.099019514	-1.147520006	0.266833281
K1	95	G	17.18464193	26	0.13396	1.414973348	5.099019514	-0.873024861	0.366005464
O1	1	A	16.49568639	33	0.1323	1.51851394	5.744562647	-0.878440156	0.36373067
O1	2	A	21.619675	28	0.07744	1.447158031	5.291502622	-1.111034656	0.278280434
O1	7	A	19.19542529	26	0.0845	1.414973348	5.099019514	-1.073143291	0.290688837
O1	9	A	19.14046743	28	0.1171	1.447158031	5.291502622	-0.931443105	0.342198773
O1	11	A	16.49568639	33	0.1453	1.51851394	5.744562647	-0.837734386	0.381182371
O1	13	A	19.18813569	28	0.1314	1.447158031	5.291502622	-0.881404635	0.362491379
O1	16	A	19.19542529	26	0.13227	1.414973348	5.099019514	-0.878538646	0.363689428
O1	18	A	25.28536388	33	0.0869	1.51851394	5.744562647	-1.060980224	0.294788059
O1	21	A	21.619675	28	0.09847	1.447158031	5.291502622	-1.006696062	0.313799299
O1	23	A	23.90461041	31	0.09267	1.491361694	5.567764363	-1.033060837	0.304417477
O1	24	A	21.619675	28	0.11007	1.447158031	5.291502622	-0.958331034	0.331767991
O1	26	A	22.55269497	28	0.1044	1.447158031	5.291502622	-0.981299501	0.323109888
O1	27	A	20.306059	26	0.1122	1.414973348	5.099019514	-0.950007143	0.334962684
O1	28	A	22.14742102	33	0.1159	1.51851394	5.744562647	-0.935916564	0.340440891
O1	29	A	21.268261	26	0.11131	1.414973348	5.099019514	-0.953465817	0.333631533
O1	30	A	19.18813569	28	0.12516	1.447158031	5.291502622	-0.902534446	0.353779592
O1	31	A	23.00578202	33	0.111	1.51851394	5.744562647	-0.954677021	0.333166625
O1	32	A	19.18813569	28	0.14383	1.447158031	5.291502622	-0.84215052	0.379249258
O1	33	A	22.55269497	28	0.11674	1.447158031	5.291502622	-0.932780311	0.341672358
O1	35	A	20.66736548	28	0.11107	1.447158031	5.291502622	-0.954403228	0.333271661
O1	36	A	21.268261	26	0.0924	1.414973348	5.099019514	-1.034328029	0.303973683
O1	39	A	22.30564408	31	0.1184	1.491361694	5.567764363	-0.926648298	0.344093011
O1	43	A	24.24104118	28	0.0775	1.447158031	5.291502622	-1.110698297	0.278388218
O1	44	A	23.00578202	33	0.11655	1.51851394	5.744562647	-0.933487722	0.3413942
O1	45	A	20.66736548	28	0.10827	1.447158031	5.291502622	-0.965491863	0.32904407
O1	46	A	21.4335369	28	0.10848	1.447158031	5.291502622	-0.964650323	0.329363022
O1	49	A	23.85042336	28	0.09318	1.447158031	5.291502622	-1.030677294	0.305253993
O1	50	A	17.0469722	28	0.11631	1.447158031	5.291502622	-0.934382944	0.341042519
O1	51	A	20.66736548	28	0.0907	1.447158031	5.291502622	-1.042392713	0.301164407
O1	55	A	21.00033118	28	0.09652	1.447158031	5.291502622	-1.015382687	0.310676681
O1	56	A	20.66736548	28	0.09765	1.447158031	5.291502622	-1.010327752	0.31249
O1	58	A	25.00329911	28	0.07501	1.447158031	5.291502622	-1.124880835	0.273879536
O1	59	A	23.90461041	31	0.0944	1.491361694	5.567764363	-1.025028006	0.30724583
O1	60	A	20.66736548	28	0.1239	1.447158031	5.291502622	-0.906928694	0.351994318
O1	61	A	21.268261	26	0.08815	1.414973348	5.099019514	-1.054777683	0.296900657
O1	64	A	19.18813569	28	0.10221	1.447158031	5.291502622	-0.990506612	0.319702987
O1	65	A	20.66736548	28	0.10065	1.447158031	5.291502622	-0.997186221	0.317253842
O1	71	A	21.4335369	28	0.09323	1.447158031	5.291502622	-1.030444316	0.305335881
O1	72	A	20.82489675	31	0.117	1.491361694	5.567764363	-0.931814138	0.342052628
O1	74	A	23.53166364	28	0.09356	1.447158031	5.291502622	-1.028909787	0.305875792
O1	78	A	20.82489675	31	0.10636	1.491361694	5.567764363	-0.973221671	0.326128809
O1	79	A	23.53166364	28	0.0908	1.447158031	5.291502622	-1.041914151	0.301330383
O1	80	A	23.85042336	28	0.0698	1.447158031	5.291502622	-1.156144577	0.264196896
O1	81	A	23.03746783	26	0.0922	1.414973348	5.099019514	-1.035269079	0.303644529
O1	82	A	20.30041872	33	0.1049	1.51851394	5.744562647	-0.979224512	0.323882695
O1	88	A	26.07756048	33	0.07365	1.51851394	5.744562647	-1.132827249	0.271385335
O1	90	A	20.14501822	28	0.10066	1.447158031	5.291502622	-0.997143074	0.317269601
O1	94	A	20.66736548	28	0.10487	1.447158031	5.291502622	-0.979348732	0.323836378
O1	3	G	NA	NA	NA	NA	NA	NA	NA
O1	4	G	21.16973102	33	0.1058	1.51851394	5.744562647	-0.975514332	0.325269119
O1	5	G	21.06400643	26	0.0842	1.414973348	5.099019514	-1.074687909	0.290172363
O1	6	G	18.39517919	26	0.1201	1.414973348	5.099019514	-0.920456993	0.346554469
O1	8	G	19.08924398	26	0.0926	1.414973348	5.099019514	-1.033389013	0.304302481
O1	10	G	25.94592986	31	0.0726	1.491361694	5.567764363	-1.139063379	0.269443872
O1	12	G	19.18813569	28	0.10711	1.447158031	5.291502622	-0.970169981	0.327276641
O1	14	G	21.00033118	28	0.102	1.447158031	5.291502622	-0.991399828	0.319374388
O1	15	G	21.00033118	28	0.0902	1.447158031	5.291502622	-1.044793462	0.300333148
O1	17	G	19.98345117	26	0.10238	1.414973348	5.099019514	-0.989784875	0.319968748
O1	19	G	21.00033118	28	0.11607	1.447158031	5.291502622	-0.935280016	0.340690475
O1	20	G	20.66736548	28	0.0959	1.447158031	5.291502622	-1.018181393	0.309677251
O1	22	G	21.4335369	28	0.08218	1.447158031	5.291502622	-1.085233863	0.286670543
O1	25	G	21.16973102	33	0.11425	1.51851394	5.744562647	-0.942143791	0.338008876
O1	34	G	24.99290292	31	0.10265	1.491361694	5.567764363	-0.988641046	0.320390387
O1	37	G	22.30564408	31	0.10639	1.491361694	5.567764363	-0.973099191	0.3261748
O1	38	G	20.82489675	31	0.1326	1.491361694	5.567764363	-0.877456476	0.364142829
O1	40	G	20.30041872	33	0.13455	1.51851394	5.744562647	-0.871116298	0.366810578
O1	41	G	20.66736548	28	0.11166	1.447158031	5.291502622	-0.952102376	0.334155652
O1	42	G	21.00033118	28	0.11064	1.447158031	5.291502622	-0.956087833	0.332625916
O1	47	G	20.30041872	33	0.12102	1.51851394	5.744562647	-0.917142851	0.347879289
O1	48	G	23.03746783	26	0.0844	1.414973348	5.099019514	-1.073657553	0.290516781
O1	52	G	22.30564408	31	0.10959	1.491361694	5.567764363	-0.960229073	0.331043804
O1	53	G	22.14742102	33	0.11742	1.51851394	5.744562647	-0.930257924	0.342666018
O1	54	G	23.16576561	31	0.08227	1.491361694	5.567764363	-1.084758503	0.286827474
O1	57	G	20.66736548	28	0.09914	1.447158031	5.291502622	-1.003751085	0.31486505
O1	62	G	20.66736548	28	0.11394	1.447158031	5.291502622	-0.943323785	0.337549996
O1	63	G	20.82489675	31	0.10686	1.491361694	5.567764363	-0.97118483	0.326894478
O1	66	G	20.66736548	28	0.12354	1.447158031	5.291502622	-0.908192403	0.351482574
O1	67	G	21.268261	26	0.11173	1.414973348	5.099019514	-0.951830201	0.334260378
O1	68	G	23.16576561	31	0.1028	1.491361694	5.567764363	-0.988006885	0.320624391
O1	69	G	23.53166364	28	0.07817	1.447158031	5.291502622	-1.106959888	0.279588984
O1	70	G	23.90461041	31	0.08673	1.491361694	5.567764363	-1.061830654	0.294499576
O1	73	G	23.53166364	28	0.0772	1.447158031	5.291502622	-1.1123827	0.27784888
O1	75	G	28.47420607	35	0.05022	1.544068044	5.916079783	-1.299123292	0.224098193
O1	76	G	26.75786482	38	0.07168	1.579783597	6.164414003	-1.144602003	0.267731208
O1	77	G	17.0469722	28	0.12817	1.447158031	5.291502622	-0.892213616	0.35800838
O1	83	G	21.64039618	31	0.08993	1.491361694	5.567764363	-1.046095407	0.299883311
O1	84	G	18.68519994	26	0.09834	1.414973348	5.099019514	-1.007269796	0.313592092
O1	85	G	20.306059	26	0.11899	1.414973348	5.099019514	-0.924489535	0.344949272
O1	86	G	20.14501822	28	0.1348	1.447158031	5.291502622	-0.870310108	0.367151195
O1	87	G	21.619675	28	0.1179	1.447158031	5.291502622	-0.928486195	0.343365694
O1	89	G	21.64039618	31	0.104	1.491361694	5.567764363	-0.982966661	0.32249031
O1	91	G	21.268261	26	0.10069	1.414973348	5.099019514	-0.997013659	0.317316876
O1	92	G	21.4335369	28	0.08783	1.447158031	5.291502622	-1.056357117	0.296361266
O1	93	G	22.55269497	28	0.07982	1.447158031	5.291502622	-1.097888277	0.282524335
O1	95	G	19.19542529	26	0.10436	1.414973348	5.099019514	-0.98146593	0.323047984
O1	96	G	21.268261	26	0.09	1.414973348	5.099019514	-1.045757491	0.3
R2	1	A	17.98097952	25	0.10484	1.397940009	5	-0.979472988	0.323790055
R2	3	A	15.56522803	22	0.11329	1.342422681	4.69041576	-0.945808423	0.336585799
R2	4	A	21.65986737	29	0.08238	1.462397998	5.385164807	-1.084178212	0.287019163
R2	6	A	21.6185009	29	0.0705	1.462397998	5.385164807	-1.151810883	0.265518361
R2	8	A	16.08073618	22	0.08855	1.342422681	4.69041576	-1.052811434	0.29757352
R2	9	A	15.91837463	22	0.11886	1.342422681	4.69041576	-0.924964274	0.344760787
R2	10	A	16.10608445	25	0.08608	1.397940009	5	-1.065097742	0.293393933
R2	12	A	16.10608445	25	0.1367	1.397940009	5	-0.864231485	0.369729631
R2	14	A	15.91837463	22	0.10424	1.342422681	4.69041576	-0.981965597	0.3228622
R2	16	A	19.51650547	22	0.058	1.342422681	4.69041576	-1.236572006	0.240831892
R2	17	A	20.04458157	25	0.08035	1.397940009	5	-1.095014119	0.283460756
R2	18	A	15.91837463	22	0.12918	1.342422681	4.69041576	-0.88880472	0.359416193
R2	20	A	15.91837463	22	0.11956	1.342422681	4.69041576	-0.922414094	0.345774493
R2	21	A	14.96592494	27	0.12821	1.431363764	5.196152423	-0.8920781	0.35806424
R2	23	A	21.71161815	34	0.06817	1.531478917	5.830951895	-1.166406706	0.261093853
R2	24	A	25.00436685	34	0.07832	1.531478917	5.830951895	-1.106127321	0.279857106
R2	27	A	16.87628275	25	0.1057	1.397940009	5	-0.975925013	0.325115364
R2	29	A	18.67445953	32	0.10653	1.505149978	5.656854249	-0.972528073	0.326389338
R2	30	A	18.7494855	27	0.1221	1.431363764	5.196152423	-0.913284336	0.349428104
R2	31	A	18.70837675	29	0.10511	1.462397998	5.385164807	-0.978355964	0.324206724
R2	33	A	17.63234404	22	0.0826	1.342422681	4.69041576	-1.083019953	0.287402157
R2	37	A	16.10608445	25	0.09856	1.397940009	5	-1.006299305	0.31394267
R2	38	A	19.4040705	25	0.07786	1.397940009	5	-1.108685601	0.279034048
R2	44	A	20.04458157	25	0.06351	1.397940009	5	-1.197157887	0.252011904
R2	46	A	21.01531725	25	0.07304	1.397940009	5	-1.136439235	0.270259135
R2	51	A	24.28848975	32	0.05998	1.505149978	5.656854249	-1.221993539	0.244908146
R2	52	A	21.1096283	27	0.06681	1.431363764	5.196152423	-1.175158528	0.258476305
R2	53	A	21.68226359	27	0.07943	1.431363764	5.196152423	-1.100015437	0.281833284
R2	54	A	17.98097952	25	0.14302	1.397940009	5	-0.844603226	0.378179851
R2	56	A	23.95370362	29	0.04803	1.462397998	5.385164807	-1.318487413	0.219157478
R2	57	A	23.95370362	29	0.0732	1.462397998	5.385164807	-1.135488919	0.270554985
R2	59	A	24.28848975	32	0.05428	1.505149978	5.656854249	-1.265360161	0.232980686
R2	62	A	21.37124981	32	0.10962	1.505149978	5.656854249	-0.960110202	0.331089112
R2	63	A	15.91837463	22	0.10129	1.342422681	4.69041576	-0.994433429	0.318260899
R2	65	A	15.19064903	20	0.1117	1.301029996	4.472135955	-0.951946827	0.334215499
R2	66	A	18.24070183	22	0.07215	1.342422681	4.69041576	-1.141763665	0.26860752
R2	69	A	16.10608445	25	0.10848	1.397940009	5	-0.964650323	0.329363022
R2	75	A	15.56522803	22	0.09284	1.342422681	4.69041576	-1.032264868	0.30469657
R2	77	A	20.12549921	27	0.07401	1.431363764	5.196152423	-1.130709596	0.27204779
R2	80	A	22.25646893	32	0.0543	1.505149978	5.656854249	-1.26520017	0.233023604
R2	84	A	13.46418696	25	0.10892	1.397940009	5	-0.962892367	0.330030302
R2	86	A	21.34177925	27	0.05565	1.431363764	5.196152423	-1.254534831	0.235902522
R2	87	A	19.68061867	22	0.10607	1.342422681	4.69041576	-0.974407431	0.325683896
R2	90	A	19.78602861	25	0.05082	1.397940009	5	-1.293965339	0.225432917
R2	91	A	26.87624383	32	0.06136	1.505149978	5.656854249	-1.212114649	0.247709507
R2	93	A	19.2452561	27	0.08753	1.431363764	5.196152423	-1.057843072	0.295854694
R2	94	A	19.4040705	25	0.0685	1.397940009	5	-1.164309429	0.261725047
R2	95	A	22.99324193	34	0.08033	1.531478917	5.830951895	-1.095122233	0.283425475
R2	2	G	13.46418696	25	0.12242	1.397940009	5	-0.912147625	0.349885696
R2	5	G	21.6185009	29	0.05866	1.462397998	5.385164807	-1.231657941	0.242198266
R2	7	G	13.91862834	22	0.0855	1.342422681	4.69041576	-1.068033885	0.29240383
R2	11	G	22.29574588	27	0.06073	1.431363764	5.196152423	-1.216596719	0.246434575
R2	13	G	20.51721809	34	0.09984	1.531478917	5.830951895	-1.000695428	0.315974683
R2	15	G	19.30848198	27	0.11107	1.431363764	5.196152423	-0.954403228	0.333271661
R2	19	G	18.24070183	22	0.08883	1.342422681	4.69041576	-1.051440338	0.298043621
R2	22	G	23.95370362	29	0.05755	1.462397998	5.385164807	-1.239954672	0.239895811
R2	25	G	22.5763833	29	0.08141	1.462397998	5.385164807	-1.089322245	0.285324377
R2	26	G	21.65986737	29	0.08181	1.462397998	5.385164807	-1.087193607	0.286024474
R2	28	G	22.11427242	27	0.0658	1.431363764	5.196152423	-1.181774106	0.256515107
R2	32	G	18.70837675	29	0.12726	1.462397998	5.385164807	-0.895308081	0.356735196
R2	34	G	19.12147145	25	0.0856	1.397940009	5	-1.067526235	0.292574777
R2	35	G	17.38149502	25	0.13346	1.397940009	5	-0.874648879	0.365321776
R2	36	G	22.29574588	27	0.07914	1.431363764	5.196152423	-1.101603954	0.281318325
R2	39	G	20.13944825	34	0.09803	1.531478917	5.830951895	-1.008640997	0.313097429
R2	40	G	18.95367503	25	0.10384	1.397940009	5	-0.983635321	0.322242145
R2	41	G	17.38411712	27	0.11224	1.431363764	5.196152423	-0.949852342	0.335022387
R2	42	G	12.35444671	25	0.15302	1.397940009	5	-0.815251802	0.391177709
R2	43	G	19.4040705	25	0.1092	1.397940009	5	-0.961777362	0.330454233
R2	45	G	19.22966659	29	0.0844	1.462397998	5.385164807	-1.073657553	0.290516781
R2	47	G	17.98097952	25	0.13721	1.397940009	5	-0.862614236	0.370418682
R2	48	G	17.63234404	22	0.109	1.342422681	4.69041576	-0.962573502	0.33015148
R2	49	G	24.92687182	29	0.04824	1.462397998	5.385164807	-1.316592701	0.219636063
R2	50	G	18.58608203	32	0.0867	1.505149978	5.656854249	-1.061980903	0.294448637
R2	55	G	19.2452561	27	0.10025	1.431363764	5.196152423	-0.998915619	0.316622804
R2	58	G	18.58608203	32	0.09093	1.505149978	5.656854249	-1.041292809	0.301546016
R2	60	G	22.56400492	27	0.04391	1.431363764	5.196152423	-1.357436563	0.209547131
R2	61	G	23.95370362	29	0.0619	1.462397998	5.385164807	-1.208309351	0.248797106
R2	64	G	20.12549921	27	0.10146	1.431363764	5.196152423	-0.993705142	0.318527864
R2	67	G	18.70837675	29	0.08973	1.462397998	5.385164807	-1.047062332	0.299549662
R2	68	G	19.22966659	29	0.09485	1.462397998	5.385164807	-1.022962665	0.307977272
R2	70	G	17.63234404	22	0.07323	1.342422681	4.69041576	-1.135310966	0.270610421
R2	71	G	19.49916728	27	0.07493	1.431363764	5.196152423	-1.125344267	0.273733447
R2	72	G	17.98097952	25	0.09352	1.397940009	5	-1.029095502	0.305810399
R2	73	G	19.49916728	27	0.09293	1.431363764	5.196152423	-1.031844063	0.304844223
R2	74	G	26.11007448	34	0.07212	1.531478917	5.830951895	-1.141944282	0.268551671
R2	76	G	30.62896428	34	0.04628	1.531478917	5.830951895	-1.33460665	0.215127869
R2	78	G	17.0758735	32	0.08633	1.505149978	5.656854249	-1.063838259	0.293819673
R2	79	G	19.78602861	25	0.07996	1.397940009	5	-1.097127215	0.282771993
R2	81	G	17.38411712	27	0.11452	1.431363764	5.196152423	-0.941118661	0.338408038
R2	82	G	19.2452561	27	0.10665	1.431363764	5.196152423	-0.97203914	0.326573116
R2	83	G	19.16212024	29	0.08256	1.462397998	5.385164807	-1.083230316	0.28733256
R2	85	G	14.22998162	20	0.07629	1.301029996	4.472135955	-1.117532385	0.276206445
R2	88	G	21.81698791	25	0.04	1.397940009	5	-1.397940009	0.2
R2	89	G	22.29574588	27	0.05774	1.431363764	5.196152423	-1.23852322	0.24029149
R2	92	G	17.38411712	27	0.1026	1.431363764	5.196152423	-0.988852639	0.320312348
R2	96	G	15.91837463	22	0.08404	1.342422681	4.69041576	-1.075513956	0.289896533
